215
Homo_sapiens_NP_000030.1                          0.0000000 0.4513100 0.5143859 0.2484357 0.8603878 0.2212880 0.1665231 0.0512478 0.2474497 1.0425902 0.2767415 0.6579435 0.8697900 0.0313222 0.3018922 0.4820689 0.3240625 0.9175027 0.1727045 0.1698142 0.1895511 0.2332130 0.3665103 0.1938892 0.3535023 0.4028124 0.3130981 0.5985004 0.3231937 0.2691023 0.5729047 0.4935237 0.4499482 0.8327099 0.8401293 0.3339966 0.8335971 0.8638677 0.2206127 0.3137288 0.3003079 0.8508297 0.8489448 1.0530107 1.0777731 1.1876826 0.3801349 0.2335567 0.1965175 1.1970639 0.2783159 0.4102625 0.2849618 0.3774634 0.8564073 0.2486275 0.2432996 1.5115449 0.2369818 0.5806344 1.5419776 0.3317856 0.1413624 0.5994177 0.8137117 0.1954190 0.3152471 0.8441210 0.0678352 0.8658498 0.4852430 2.3199086 0.3054046 0.1613028 0.8887212 0.2248806 0.2463175 0.8375461 1.3857513 0.2134994 0.7017627 1.5066469 0.9137794 0.2685363 1.4320166 0.1389052 0.2760796 0.8310996 1.5045886 2.0250752 1.0740422 0.9917098 1.0111032 0.3803639 0.2452669 2.2344828 1.2568747 0.2419612 0.8014180 0.4468242 0.4576084 0.8159339 0.1704882 0.8529954 0.6347174 0.8352594 0.2231574 0.1653774 1.5361794 0.8246338 0.8591590 0.6899296 1.2191429 0.5334447 0.3838949 1.5803484 1.7620506 0.8396361 0.8564696 0.8366458 0.4583637 0.8478532 1.5079645 0.1263419 0.1912249 2.5071928 2.3930802 0.1753942 0.8500707 0.4315085 0.4372036 0.4598404 2.1294974 2.2290607 2.0298755 2.2071040 2.2951992 2.2333069 2.2674553 2.3780779 2.0334084 2.2506964 2.3017864 2.3180458 2.0784723 2.2728708 2.2526822 2.3582734 2.2430988 2.2119533 2.2549293 2.3385027 2.1184589 2.2227192 2.4825138 2.2427236 2.3527241 2.2218459 2.3140717 0.8298715 0.5980453 1.3400440 0.8387997 0.8089538 0.2166815 1.1916445 0.2094992 0.8421160 0.9147859 0.4724164 0.3273907 0.2775120 1.2175625 2.1754248 2.2376294 2.1597397 1.9446664 1.8281906 1.9735531 2.0375374 2.3117893 2.4294808 2.0220297 0.2325662 0.1736943 0.5565776 0.2400357 1.2204916 2.2029137 0.8587585 2.3899009 2.1357069 1.0947571 2.1099620 2.1911479 2.4366263 2.1316983 2.3491979 2.2267140 2.2750988 0.8760610 2.4320904 0.8501922 2.5367029 2.2699611 2.2013432 2.4177799 2.3855670 2.0825400 2.2573724 2.1263868 0.3153087 2.5142133 2.1043175 0.2414274 
Mus_musculus_NP_033822.2                          0.4513100 0.0000000 0.3652538 0.4340706 1.0261963 0.4765541 0.4077326 0.4804714 0.4343032 1.1264146 0.4455551 0.8196964 1.0303100 0.4446404 0.4955577 0.5460168 0.3301212 1.0243630 0.4638064 0.4861709 0.4237589 0.4570745 0.5356865 0.4172032 0.4682333 0.6173610 0.5123539 0.8095116 0.5064637 0.3602749 0.7668714 0.6086041 0.5853063 0.9872511 0.9769777 0.3644789 1.0018313 1.0358759 0.4661172 0.3352306 0.4618374 0.9873301 0.9944191 1.1834971 1.1426227 1.2609434 0.5125678 0.4503784 0.4213355 1.1926047 0.4268072 0.5663357 0.4749564 0.3988892 1.0081472 0.4701219 0.4485718 1.6681448 0.4496922 0.7359549 1.4355306 0.5406211 0.4274165 0.8139727 0.9732628 0.4910097 0.3537514 0.9738844 0.4730439 0.9980680 0.6786416 2.1177035 0.4736727 0.5121841 1.0326045 0.4734412 0.5168611 0.9585827 1.5186089 0.4436371 0.8495738 1.6272076 1.0412729 0.4683002 1.5213588 0.4591296 0.5073224 0.9619288 1.5991540 2.0110049 1.1137446 1.1213050 1.1432380 0.5601817 0.3886059 2.0432133 1.3237870 0.4449383 0.8933809 0.0466155 0.0957243 0.9876688 0.4149129 1.0322969 0.7992733 0.9775953 0.4477925 0.4128558 1.7248420 0.9113398 0.9913027 0.8673091 1.2608142 0.3458995 0.4174268 1.6586583 1.8291300 0.9882244 1.0170363 0.9823022 0.1580288 1.0038940 1.7080687 0.4646654 0.3999634 2.3073983 2.2064421 0.4272642 0.9849521 0.6076336 0.5443037 0.0348728 2.1631666 2.0603391 1.9879627 2.0916003 2.2198737 2.0829399 2.1779704 2.4474712 2.1094157 2.0799106 2.1245316 2.2995381 1.9647482 2.1708082 2.1529003 2.2069494 2.0825143 2.0982535 2.1584909 2.2050117 2.0457029 2.0722732 2.2055651 2.0573525 2.1183473 2.1186858 2.2315379 0.9331233 0.6304266 1.4179992 0.9940035 1.0175444 0.4884024 1.3501874 0.4399928 0.9711720 1.0471556 0.4393012 0.5054168 0.5325972 1.2401199 2.1973561 2.2071607 2.1130510 1.9719362 1.8692502 2.0298863 1.9548044 2.2488105 2.2479301 2.0102559 0.4672418 0.5193351 0.7660153 0.4408062 1.2457730 2.1596209 1.0174157 2.1667479 2.2047069 1.2943085 2.1380298 2.1211551 2.3447201 2.2024483 2.1486202 2.0824594 2.1081985 1.0084499 2.1318592 1.0036334 2.3340885 2.1701738 2.1521856 2.1909775 2.2692899 2.1191646 2.0941221 2.0365802 0.5226449 2.3355552 1.9786185 0.4782266 
Rattus_norvegicus_NP_036870.1                     0.5143859 0.3652538 0.0000000 0.4946358 1.0646185 0.5184541 0.4739455 0.5290694 0.5123282 1.2184134 0.5326530 0.9001938 1.0664574 0.5254007 0.5893727 0.6828429 0.3452239 1.1485367 0.5058788 0.5206452 0.4783995 0.5106589 0.6228827 0.4739682 0.5980249 0.6975438 0.5594092 0.8313721 0.5392714 0.3859259 0.8627862 0.7435582 0.6245341 1.0177343 1.0338925 0.3611358 1.0662061 1.0737385 0.5484672 0.3640636 0.5279227 1.0025527 1.0437142 1.3560293 1.2640457 1.5233891 0.5688940 0.5320005 0.4832661 1.3958321 0.5224405 0.6766539 0.5377947 0.4280791 1.0452602 0.5179878 0.5114902 1.8624632 0.4939166 0.8252334 1.5646152 0.6140864 0.5218431 0.9108425 1.0397857 0.5420432 0.3945263 1.0305435 0.5097115 1.0569361 0.6774022 2.2887332 0.5507396 0.5323691 1.0609910 0.5798661 0.5622837 1.0048817 1.6989389 0.5266374 0.9397279 1.7607522 1.0753538 0.5081535 1.4352549 0.4972811 0.5780386 1.0284434 1.6978845 1.9670987 1.2640548 1.1583608 1.1875677 0.6177168 0.4175066 2.2528662 1.4482177 0.4967868 1.0459714 0.3618199 0.3718396 1.0220595 0.4654481 1.0715497 0.8720741 1.0331333 0.5212549 0.4694199 1.8411649 1.0746464 1.0397346 0.9790258 1.3872367 0.5040565 0.4519178 1.7126302 2.0049730 1.0136833 1.0860059 1.0289025 0.3455015 1.0616314 1.8701526 0.5014156 0.4531105 2.5168747 2.3827539 0.4603052 1.0592710 0.7096053 0.6020705 0.3679443 2.3253292 2.2178718 2.0891215 2.2704485 2.3897921 2.2282869 2.4247149 2.5810431 2.0920090 2.2375846 2.3080214 2.3249573 2.0865782 2.2176465 2.2870177 2.3699561 2.2101073 2.2875866 2.3179607 2.3195755 2.2153226 2.2277998 2.3172144 2.3772049 2.2722134 2.2510422 2.3123777 1.0581564 0.7776999 1.5674809 1.0232091 1.0509769 0.5806664 1.5886840 0.5156097 0.9957681 1.1450268 0.4624826 0.5744386 0.6208174 1.4342494 2.3601053 2.2269822 2.2021127 2.0520423 1.9978682 2.0696662 2.0743813 2.4935036 2.4039413 2.1533458 0.5514657 0.5328951 0.8968579 0.5170788 1.3841701 2.3458026 1.0535850 2.4437808 2.4053806 1.3960472 2.3285664 2.1669142 2.4537606 2.4372601 2.3294858 2.2283561 2.2956736 1.0577835 2.3551952 1.0339379 2.4158769 2.2833911 2.2121920 2.4001782 2.3523015 2.3158767 2.2733134 2.1059600 0.5780288 2.5129310 2.1069259 0.5359911 
Bos_taurus_NP_776667.2                            0.2484357 0.4340706 0.4946358 0.0000000 0.8616387 0.1380938 0.1782192 0.2597950 0.2820856 1.0289206 0.2386350 0.6460541 0.8408205 0.2473725 0.2791217 0.4417533 0.3270466 0.9862503 0.2036491 0.2744621 0.2253570 0.0885337 0.3408464 0.2085261 0.3218682 0.3760352 0.3715274 0.5438405 0.3192044 0.2647238 0.6357897 0.5239389 0.4440260 0.8223594 0.8560598 0.3551821 0.8236733 0.8707371 0.2377991 0.3384845 0.2900324 0.8404565 0.8566509 1.0609793 1.0573867 1.2198899 0.3573211 0.1687747 0.2269491 1.1777045 0.2473855 0.4132569 0.2954457 0.4094734 0.8727954 0.1005969 0.1050106 1.5284556 0.0969823 0.6292127 1.4505195 0.3515231 0.2005399 0.5914314 0.8533166 0.2393365 0.3561347 0.8597162 0.2559137 0.8731400 0.5120442 2.3983911 0.0635708 0.3054121 0.8915530 0.2692700 0.2807651 0.8468769 1.4225584 0.2354921 0.6752931 1.5051369 0.8743273 0.2692166 1.2850487 0.2457982 0.2602893 0.8554675 1.5667230 1.9222493 1.0417308 0.9904141 1.0099783 0.3624229 0.2552348 2.1842812 1.3407725 0.0352277 0.8151048 0.4418080 0.4477353 0.8116320 0.1865756 0.8624247 0.5572463 0.8584339 0.2392905 0.1924049 1.4881438 0.8217098 0.8448449 0.6474931 1.2580736 0.5533147 0.4111647 1.6549590 1.7471210 0.8364848 0.8766240 0.8464070 0.4622253 0.8246131 1.5307770 0.2422730 0.2163198 2.4966243 2.4124593 0.1925164 0.8231748 0.3836984 0.4482195 0.4564420 2.1271338 2.2543439 2.0614427 2.2227114 2.3151747 2.2838090 2.1680054 2.4097658 2.0217072 2.2493677 2.3749867 2.2517979 1.9699337 2.2956753 2.1132655 2.4308104 2.2423057 2.2173385 2.2645483 2.2251556 2.0615141 2.2494035 2.4270118 2.2135655 2.3436295 2.2418870 2.3251421 0.8411559 0.5303704 1.4174567 0.8498143 0.8441048 0.2569750 1.2209895 0.2252768 0.8497073 0.9555158 0.4729690 0.0880808 0.3049810 1.2725030 2.2218830 2.1824719 2.1110889 1.9045080 1.8771860 1.9418155 1.9727524 2.4558523 2.3832519 1.9316048 0.2753895 0.3282932 0.4938116 0.2603842 1.3524063 2.2187303 0.8452124 2.3663845 2.1582218 1.1065445 2.0987298 2.2082082 2.4699966 2.1553550 2.2725869 2.2112620 2.2282805 0.8590414 2.4405175 0.8623891 2.5257617 2.2455820 2.2096669 2.3391984 2.3465660 2.0771862 2.2449011 2.0453268 0.2840198 2.4839325 2.0220714 0.1382227 
Gallus_gallus_NP_990856.1                         0.8603878 1.0261963 1.0646185 0.8616387 0.0000000 0.8493084 0.8394196 0.8265588 0.8824271 1.0624966 0.9086101 0.6181741 0.0310720 0.8644870 0.8608971 1.0720562 0.9454330 1.0213654 0.8564765 0.8598619 0.8564872 0.8381689 0.8814333 0.8218807 0.8436773 0.9787522 0.9993543 1.0400739 0.9313215 0.9045576 1.0935408 0.9213668 1.1023748 0.0806653 0.1797567 0.9633970 0.1238775 0.3225579 0.8646326 0.9490585 0.8929032 0.1543804 0.1790987 1.5625354 0.6712935 1.6611796 0.9429382 0.8532748 0.8381744 1.7459238 0.8686919 0.9783729 0.9266399 0.9488513 0.3029085 0.8763573 0.8646955 1.2717203 0.8367728 0.9947856 1.2949986 0.8826615 0.8614132 1.1532264 0.1808376 0.8240377 0.9568286 0.1803225 0.8301069 0.1275488 1.0679225 2.1533944 0.8885377 0.9460630 0.2026590 0.9019254 0.9498716 0.1364150 1.1640371 0.8387807 1.3418935 1.3897890 0.0802542 0.9010403 2.0308916 0.8695396 0.9507045 0.1531364 1.2536920 2.0000911 0.6920573 0.5983336 0.6455146 1.0045296 0.9041067 1.7246446 0.9824636 0.8749882 0.8937112 1.0202173 0.9967636 0.0833477 0.8301270 0.3301436 1.1529615 0.1473422 0.8250471 0.8703809 1.3762311 0.8868753 0.1621771 1.1794782 1.0113281 1.1054623 0.9860229 1.3305065 1.6062143 0.1021031 0.3821343 0.1685586 0.9975895 0.1978779 1.3902670 0.8687386 0.8350709 2.2577219 2.1641190 0.8172441 0.3783453 0.9680537 1.0419355 1.0562903 1.7684697 2.0637460 1.7439070 2.0599996 2.0132160 2.0424594 2.0873898 2.2366954 1.8535665 2.0835537 2.1798197 2.0853784 1.8478759 2.0816669 1.9935679 2.1830154 2.1102928 2.0085435 1.9629623 2.1965832 1.8143944 2.0233431 2.2011120 2.0270270 2.1544065 2.0500972 2.0901437 0.5587443 1.0544109 1.0508887 0.1368972 0.1579191 0.8198192 1.2783459 0.8392226 0.1375011 0.4194791 0.9425566 0.9375109 0.9457495 0.8920201 2.0719467 1.8760447 1.7678240 1.8183480 1.6876105 1.6514076 1.7273718 2.3067414 2.0455835 1.8524353 0.9084423 0.8853590 1.2663472 0.8813253 1.0726538 2.1113034 0.0310347 2.1480842 1.8419430 0.2537285 1.7508993 2.1633670 2.1395998 1.7982387 2.1837033 2.1331882 2.0378364 0.1870136 2.1739282 0.1065135 2.3556563 2.1707936 2.1994851 2.2137716 2.4565732 1.7473720 2.0954388 1.8073150 0.9288275 2.3306925 1.7517719 0.8632000 
Sus_scrofa_NP_999563.1                            0.2212880 0.4765541 0.5184541 0.1380938 0.8493084 0.0000000 0.1812046 0.2531454 0.3046155 1.0575637 0.2600216 0.6699746 0.8209611 0.2203339 0.2996194 0.4624386 0.3387428 0.9974589 0.2332745 0.2675881 0.2342155 0.1304533 0.3709087 0.2316717 0.3574639 0.4124403 0.3778897 0.6097193 0.3206427 0.2696003 0.5921728 0.5650673 0.4940286 0.8241400 0.8243824 0.3361133 0.8398911 0.8856020 0.2664416 0.3576627 0.3030820 0.8505113 0.8551500 1.0813316 1.0740803 1.2489589 0.3963573 0.1722039 0.2261713 1.2042737 0.3177964 0.4570970 0.3217439 0.3988006 0.8974848 0.1398194 0.1389917 1.5274028 0.1351062 0.6555350 1.5839516 0.3680287 0.2160366 0.6099019 0.8610513 0.2508056 0.3834235 0.8519380 0.2703429 0.8682368 0.5434671 2.4238905 0.2168217 0.3029057 0.8836222 0.2577198 0.2712754 0.8306368 1.3712273 0.2531216 0.6610334 1.4698923 0.8833879 0.2899815 1.2938414 0.2606796 0.3039440 0.8445764 1.5639285 1.9345913 1.0612430 1.0098127 1.0383719 0.4173419 0.2802105 2.1356581 1.3065882 0.1372349 0.8241878 0.4702312 0.4882657 0.8245007 0.2015182 0.8962402 0.6093273 0.8577100 0.2653529 0.2124853 1.4666299 0.8257146 0.8339440 0.6638544 1.2667321 0.5858010 0.3987244 1.6991484 1.8092169 0.8191398 0.9220525 0.8307174 0.4752931 0.8232107 1.5437604 0.2513106 0.2296568 2.5008230 2.4514013 0.2067896 0.8386260 0.4199985 0.4671313 0.4999790 2.1106466 2.1926511 2.0896917 2.2287693 2.2546820 2.2854244 2.2602408 2.5273445 2.0752804 2.2660413 2.3613765 2.3314563 2.0069813 2.3233344 2.1565105 2.3702984 2.2613353 2.2532968 2.2927795 2.3465169 2.1230272 2.2721259 2.4114903 2.2708497 2.2892771 2.2701476 2.3374809 0.8467210 0.5558997 1.3810532 0.8585734 0.8294944 0.2296271 1.2400307 0.2424664 0.8323335 1.0057170 0.4507175 0.2410795 0.3258578 1.2459758 2.1942593 2.2447808 2.2120337 1.9774660 1.9040033 1.9421778 2.0816128 2.3512906 2.4040358 2.0032315 0.2856158 0.3331845 0.3382307 0.2867915 1.3891412 2.2137911 0.8330400 2.3866104 2.1897195 1.0734145 2.1617934 2.1535936 2.4408767 2.1631113 2.2648787 2.1566323 2.2158992 0.8512773 2.4014023 0.8447817 2.5200625 2.1878520 2.1800407 2.3315664 2.3319803 2.1395953 2.2295839 2.1694398 0.3129722 2.4407931 2.1538546 0.0641200 
Canis_lupus_XP_013968873.1                        0.1665231 0.4077326 0.4739455 0.1782192 0.8394196 0.1812046 0.0000000 0.1883583 0.2294172 1.0280245 0.2242939 0.6390882 0.8413621 0.1794236 0.2506022 0.4168303 0.3013222 0.9341999 0.1519963 0.2265756 0.0854402 0.1734548 0.3214516 0.0938692 0.3181310 0.3485737 0.3158190 0.5519160 0.3238127 0.2362169 0.5732702 0.4795684 0.4756205 0.8407801 0.8538659 0.3290159 0.8377996 0.8571468 0.2181505 0.3133513 0.2954187 0.8605433 0.8756010 1.0147238 1.0349718 1.1643124 0.3442039 0.1836684 0.1061928 1.1219865 0.2330699 0.4143030 0.2208529 0.3878435 0.8630047 0.1979613 0.2069213 1.5410063 0.1827303 0.5958701 1.5190359 0.2977087 0.1357153 0.5516011 0.8540518 0.2170771 0.3245977 0.8803535 0.1934996 0.8751863 0.5109964 2.3818927 0.2441386 0.2228625 0.9134564 0.2013305 0.2528338 0.8455766 1.4334478 0.2075287 0.6075260 1.4996186 0.8671463 0.2071248 1.3003799 0.1899716 0.2341417 0.8830751 1.4961530 1.9680274 1.0294966 0.9979650 1.0145276 0.2992474 0.2253713 2.1780518 1.3253124 0.1770824 0.7820872 0.4060845 0.4045782 0.8348047 0.0718660 0.8546957 0.5381051 0.8580318 0.2164214 0.0678010 1.4958162 0.7877709 0.8656164 0.6255103 1.2467138 0.5224725 0.3921651 1.5885446 1.7239331 0.8422175 0.8752555 0.8542377 0.4313068 0.8664201 1.5574257 0.1769420 0.0930907 2.5113590 2.3010137 0.0843399 0.8185479 0.3539427 0.4145867 0.4223952 2.1748528 2.2438800 2.0370546 2.1768330 2.2938558 2.1785827 2.2744254 2.3750288 2.0535284 2.2126924 2.3500394 2.4102344 2.0957366 2.2561034 2.2377931 2.3573763 2.1888255 2.1540565 2.2573613 2.3621002 1.9687169 2.1568689 2.4568301 2.2659927 2.2631018 2.1514581 2.2249381 0.8452298 0.4992113 1.4078804 0.8244249 0.8360723 0.1793358 1.1819730 0.1932166 0.8702445 0.9300895 0.4268213 0.2654412 0.2587837 1.2518447 2.1699093 2.2426985 2.1731956 1.9807073 1.8982473 2.0111755 1.9794235 2.3094421 2.4320737 1.9924098 0.1450333 0.2299021 0.4915487 0.2240008 1.2509833 2.1467127 0.8315832 2.3237683 2.2228662 1.1763181 2.1607610 2.1754558 2.2901829 2.2111000 2.2844447 2.1754544 2.2393548 0.8958396 2.3232892 0.8691914 2.5207616 2.2330302 2.1795076 2.3460547 2.4004557 2.1383965 2.2280325 2.0544741 0.2483082 2.3945459 2.1135000 0.1773806 
Macaca_mulatta_XP_028689839.1                     0.0512478 0.4804714 0.5290694 0.2597950 0.8265588 0.2531454 0.1883583 0.0000000 0.2709675 1.0436184 0.2936890 0.6380058 0.8331297 0.0639082 0.3126517 0.4841915 0.3397508 0.9374732 0.1873494 0.1679818 0.1894441 0.2645482 0.3825368 0.2222182 0.3778426 0.3998204 0.3378444 0.6087848 0.3467783 0.2739884 0.5963301 0.4928553 0.4517012 0.8043635 0.8236641 0.3445576 0.8053342 0.8337739 0.2403186 0.3401833 0.3175568 0.8170541 0.8323589 1.0741022 1.0423600 1.2014124 0.4102180 0.2494165 0.2246104 1.2061906 0.2957002 0.4169710 0.2867055 0.3811152 0.8314240 0.2796777 0.2749108 1.4492154 0.2682494 0.5921387 1.5148063 0.3336138 0.1688972 0.6009856 0.7857824 0.2202617 0.3557436 0.8257365 0.0274182 0.8249824 0.5068042 2.3344640 0.3185222 0.1769098 0.8720147 0.2393193 0.2752500 0.8092404 1.3500585 0.2185238 0.7089374 1.4823230 0.8759568 0.2714564 1.4070630 0.1542680 0.2983207 0.8170761 1.4364154 2.0314126 1.0387112 0.9571565 0.9684783 0.3887938 0.2649798 2.2140993 1.2403282 0.2523797 0.7905165 0.4658586 0.4751661 0.7808398 0.1977537 0.8232240 0.6373216 0.8025803 0.2377524 0.1833385 1.4992807 0.8342844 0.8424908 0.7010133 1.1972400 0.5437207 0.3875453 1.5686419 1.7097835 0.8112512 0.8229653 0.8324468 0.4669969 0.8312852 1.4831019 0.1417660 0.2191318 2.5490935 2.3466283 0.1935552 0.8241248 0.4399444 0.4679218 0.4892443 2.1059482 2.2927624 2.0244448 2.2171403 2.2844806 2.2719751 2.2375883 2.3288141 2.0660760 2.2896253 2.3370224 2.2965342 2.0799747 2.2352446 2.2201151 2.3141940 2.2742052 2.2228006 2.2166653 2.2915870 2.1199622 2.2611643 2.5199111 2.2736346 2.3163576 2.2602139 2.2698575 0.8033265 0.6178843 1.3132948 0.8154991 0.7857682 0.2216834 1.1750379 0.2240046 0.8138429 0.8842403 0.4812553 0.3404028 0.2829874 1.1972898 2.1697569 2.2268186 2.1718610 1.9832561 1.8730924 1.9561421 1.9896142 2.3068601 2.4025976 2.0314861 0.2276943 0.1802358 0.6010189 0.2630917 1.1811934 2.1807129 0.8223861 2.4140301 2.1835003 1.0972235 2.1524337 2.2512686 2.3706090 2.1797807 2.4165493 2.2876802 2.3282498 0.8562550 2.3835559 0.8215334 2.5710505 2.3318028 2.2614025 2.4870812 2.4398869 2.1244573 2.3319639 2.1218045 0.3341630 2.5850571 2.0967199 0.2733713 
Oryctolagus_cuniculus_NP_001095157.1              0.2474497 0.4343032 0.5123282 0.2820856 0.8824271 0.3046155 0.2294172 0.2709675 0.0000000 1.0962464 0.3076566 0.6752981 0.8892512 0.2624665 0.3523068 0.4990672 0.3451732 0.9855853 0.2583279 0.3005971 0.2478473 0.2849693 0.4073135 0.2325597 0.3889826 0.4105844 0.3223931 0.6164051 0.3751596 0.3218302 0.6148390 0.4842449 0.5111678 0.8684074 0.8878091 0.3516080 0.8919867 0.9049238 0.2510766 0.3395987 0.3388524 0.8882737 0.8756190 1.0688189 1.0305217 1.2436729 0.3475163 0.2696133 0.2453891 1.1467933 0.2972773 0.4269660 0.3369192 0.4184446 0.8778934 0.3062413 0.2903710 1.5487093 0.2997423 0.6323160 1.5778635 0.3784468 0.2455200 0.6928165 0.9127221 0.3093089 0.3410898 0.9019922 0.2573639 0.8865522 0.4831661 2.3184658 0.3399560 0.3379526 0.9304135 0.2976021 0.3136941 0.8640185 1.5067450 0.2540139 0.7464190 1.4913825 0.9000725 0.3109756 1.4288185 0.2930890 0.3143298 0.8751741 1.5267950 1.9719941 1.0158443 0.9914820 1.0171579 0.4073669 0.3051755 2.2088315 1.3338865 0.2771367 0.8723617 0.4088468 0.4453406 0.8372168 0.2250307 0.9004381 0.6975672 0.8720896 0.2333669 0.2293697 1.4696243 0.8822462 0.8885095 0.7945659 1.2335353 0.5155355 0.4268327 1.6043069 1.7429340 0.8698698 0.8857519 0.8728685 0.4411700 0.8863989 1.5287135 0.2817353 0.2285171 2.4190385 2.3011815 0.2358670 0.8663859 0.4601459 0.4114574 0.4575429 2.0675488 2.2499809 2.0299860 2.2122134 2.2202757 2.1906435 2.2166655 2.4082703 2.0453619 2.1827251 2.3324728 2.3079741 1.9470827 2.2151246 2.1104563 2.2889400 2.2482922 2.1709917 2.1958020 2.1443150 2.1372632 2.1537499 2.3748540 2.2462356 2.1785746 2.1456777 2.3042489 0.8857637 0.5976283 1.4107375 0.8752538 0.8570257 0.2877259 1.3012619 0.2294170 0.8998242 0.9525770 0.5039261 0.3620627 0.3260048 1.2657252 2.1748318 2.3042475 2.2294228 1.9677422 1.8388102 1.9836348 2.0399438 2.2342109 2.4385668 1.9659096 0.3009580 0.3519981 0.6120013 0.0232779 1.2599725 2.0159006 0.8840170 2.3870121 2.0741715 1.1593983 2.0696226 2.2499007 2.3652081 2.1030780 2.3166987 2.2105960 2.2559671 0.9073081 2.2496577 0.8984479 2.3113417 2.2684986 2.2537608 2.3905057 2.3727055 2.0478766 2.2603998 2.1161446 0.3632595 2.4966202 2.1365751 0.3029158 
Monodelphis_domestica_XP_001380867.1              1.0425902 1.1264146 1.2184134 1.0289206 1.0624966 1.0575637 1.0280245 1.0436184 1.0962464 0.0000000 1.0838026 1.0443787 1.0826250 1.0323202 1.0892358 1.2310883 1.1023718 0.5611253 1.0248975 1.1292711 1.0596400 1.0591650 1.1440417 1.0396883 1.0604440 1.2312931 1.0605936 1.3147617 1.1565363 1.0893205 1.2464076 1.1450120 1.3094149 1.0186951 0.9551949 1.1300809 1.0316993 1.0959437 1.0069642 1.0910305 1.1137591 1.0319404 0.9605328 1.6641538 1.2677790 1.8061295 1.1539617 1.0371535 1.0357105 1.7727128 0.9593169 1.0917280 1.1154894 1.1405916 1.0422951 1.0867499 1.0641076 1.7579851 1.0530296 1.1530655 1.6196407 1.1258278 1.0134198 1.3014846 1.0358553 1.0302120 1.0901417 0.9503777 1.0569019 1.0496912 1.2070868 2.3705480 1.0676070 1.1144935 0.9741959 1.0814423 1.0526380 1.0332951 1.6885647 0.9903728 1.5995488 1.9679406 1.0699642 1.0837341 2.0938216 1.0747971 1.0739537 0.9525584 1.7284260 2.2125239 1.2251554 1.1526405 1.1601512 1.2048301 1.0650220 2.1801204 1.3626341 1.0217657 0.4711816 1.1209348 1.1253396 1.0468837 1.0197795 1.0733384 1.3147814 1.0233594 0.9918004 1.0258210 1.9236170 0.4668714 0.9397985 1.3030638 1.5351781 1.2547067 1.0970293 1.9479514 2.1137091 0.9873866 1.1043266 0.9509706 1.1470536 0.9661641 1.9029561 1.0901336 1.0226635 2.5797053 2.4177651 1.0119147 1.0421466 1.1962100 1.1284086 1.1607743 2.0294719 2.2359160 2.0728933 2.3425453 2.1643531 2.5355140 2.4219490 2.3814505 2.0857226 2.4912275 2.3232936 2.4742973 2.1727627 2.3779947 2.1831500 2.5444189 2.2699864 2.2542304 2.4261466 2.4681524 2.1112234 2.5107994 2.4537877 2.3123258 2.3428024 2.4876362 2.5251576 1.0654309 1.2546986 1.4500482 0.9910126 1.0444237 1.0254773 0.7701491 1.0012963 0.9947967 1.1107399 1.1366367 1.0858227 1.0833450 1.3543078 2.3715318 2.1481132 2.1857444 2.1909711 1.9816542 1.9829220 2.3381472 2.7489892 2.3901928 2.2060393 1.0952955 1.0781276 1.4573227 1.0727692 1.4030977 2.4326103 1.0666867 2.2289440 2.1466381 1.2030913 2.1696616 2.2973241 2.5243538 2.1459197 2.3839539 2.3262413 2.2619231 0.9651367 2.3528731 0.9904403 2.5346617 2.3592941 2.3284426 2.4439083 2.6994618 2.1129798 2.3378134 2.1207722 1.0928065 2.5012884 2.1314311 1.1048788 
Equus_caballus_XP_005611649.1                     0.2767415 0.4455551 0.5326530 0.2386350 0.9086101 0.2600216 0.2242939 0.2936890 0.3076566 1.0838026 0.0000000 0.6848896 0.8938483 0.2550871 0.3360263 0.4341745 0.3430646 0.9996509 0.2546485 0.3090332 0.2418609 0.2423974 0.4407881 0.2656383 0.2589347 0.4420360 0.3497383 0.5577912 0.3387159 0.2904644 0.6500074 0.5305403 0.4705265 0.8508763 0.8514832 0.3758994 0.8673851 0.8799494 0.2666518 0.3464818 0.3207642 0.8699567 0.8378039 1.0647064 1.0748770 1.2495644 0.4074481 0.2445762 0.2663118 1.2387591 0.2692091 0.4229992 0.3171529 0.3962987 0.8532453 0.2509447 0.2517811 1.5460679 0.2453525 0.6147232 1.5072407 0.3876243 0.2322772 0.6167641 0.9083514 0.3083381 0.3815095 0.8568848 0.2969239 0.8707842 0.5382898 2.3303028 0.3111074 0.3569784 0.9033665 0.3030636 0.3396242 0.8350673 1.4032680 0.2808228 0.6839592 1.5155442 0.9325010 0.3064907 1.3046465 0.2976077 0.2608117 0.8290676 1.4704196 1.9801586 1.0781097 1.0615104 1.0632745 0.4231079 0.2630155 2.1167874 1.3189965 0.2257138 0.8461905 0.4538021 0.4566603 0.8560872 0.2193480 0.8852823 0.6153483 0.8658051 0.2679995 0.2412747 1.5388656 0.8793640 0.8486482 0.6840460 1.2735248 0.5102151 0.4045387 1.6680803 1.6802335 0.8446255 0.9040097 0.8292362 0.4569935 0.8359202 1.5867932 0.2933787 0.2451586 2.4984750 2.4158997 0.2197875 0.8327905 0.4083014 0.4366237 0.4595635 2.0781147 2.2040022 2.0562350 2.2079578 2.1763175 2.2952251 2.2654718 2.4583570 1.9983614 2.3123872 2.3455141 2.3926790 2.0211246 2.3113841 2.1591217 2.3727281 2.2041635 2.1132072 2.2377273 2.2428247 2.0348172 2.2707488 2.3716349 2.2270293 2.3129291 2.2756371 2.3511181 0.8506610 0.6167382 1.3739365 0.8658607 0.8628564 0.2794380 1.3118380 0.2603026 0.8576043 0.9501221 0.4611456 0.3268908 0.3641028 1.2443277 2.1941962 2.2698488 2.1872615 1.9381223 1.8338825 1.9910117 1.9523122 2.2949931 2.4058099 2.0831119 0.2895543 0.3677419 0.5702712 0.2946047 1.2586648 2.1573638 0.8815816 2.3669989 2.0863218 1.1384024 2.0398618 2.1834109 2.4753667 2.0826137 2.2278249 2.2194739 2.2046099 0.8706002 2.3764371 0.8637828 2.5473319 2.2653236 2.1873758 2.2922765 2.3058824 2.0185774 2.1836057 2.1010178 0.3246770 2.4026564 2.1122493 0.2564192 
Ornithorhynchus_anatinus_XP_001517346.1           0.6579435 0.8196964 0.9001938 0.6460541 0.6181741 0.6699746 0.6390882 0.6380058 0.6752981 1.0443787 0.6848896 0.0000000 0.6181780 0.6690889 0.7167661 0.8846482 0.6915162 0.9011345 0.6628339 0.6766374 0.6790856 0.6353630 0.8026203 0.6468808 0.6812160 0.7413265 0.7291000 0.9170394 0.6847695 0.6888519 0.8456621 0.7585067 0.9067132 0.6164961 0.6449710 0.6889411 0.6135263 0.6542896 0.6754294 0.7083128 0.7075296 0.6382216 0.6314933 1.3646526 0.8295697 1.4664908 0.7744912 0.6245002 0.6490814 1.4108863 0.6694856 0.7595255 0.7164174 0.7393565 0.6301673 0.6556671 0.6582051 1.4568491 0.6332607 0.9340338 1.4385536 0.7485804 0.6352577 0.9495018 0.6557316 0.6327994 0.7066116 0.6521147 0.6449035 0.6345353 0.9096401 2.3704278 0.6529009 0.7246054 0.6684014 0.7444582 0.6966675 0.6417883 1.1636894 0.6463235 1.1546132 1.4618331 0.6432562 0.6943302 1.6497481 0.6845996 0.7215023 0.6663211 1.3676349 2.0379911 0.8443517 0.8230629 0.8393716 0.7721437 0.6687579 1.8699733 1.1260029 0.6382868 0.8358424 0.8151593 0.7731510 0.6079308 0.6255596 0.6619983 1.0363061 0.6698628 0.6697322 0.6475075 1.4329583 0.8431905 0.6691339 1.1400898 1.2208072 0.8871040 0.7384431 1.4571002 1.7515824 0.6311321 0.6877652 0.6352422 0.8133015 0.6601595 1.5108637 0.6830782 0.6307395 2.5571709 2.3886081 0.6258307 0.6491389 0.7735275 0.8529833 0.8291363 1.8921769 2.2168294 1.9516783 2.2281270 2.0647141 2.1605872 2.2172428 2.4431472 1.9329807 2.1564583 2.2137423 2.4205969 2.0451969 2.2303186 2.1843968 2.4289118 2.1762470 1.9585678 2.1882436 2.3535142 1.9461507 2.1575836 2.3844909 2.0978097 2.2967105 2.1712893 2.3047727 0.6527664 0.8275938 1.1847129 0.6787924 0.6705292 0.6736969 1.2607195 0.6646463 0.6802670 0.7500115 0.7667936 0.6803755 0.7526291 1.0830122 2.1331251 2.0570690 2.1141912 1.8573017 1.7123930 1.9932444 1.8388615 2.5527454 2.1565818 1.9849450 0.7276809 0.7251416 0.9342645 0.6760642 1.1731248 2.0864494 0.6127840 2.2803798 1.9787316 0.8997036 1.9190566 2.3253662 2.3858431 2.0024230 2.3727511 2.2893537 2.2361697 0.6502066 2.3629560 0.6533351 2.4987447 2.3084014 2.3261510 2.4407583 2.4536867 1.9036982 2.2771079 2.0182960 0.6866462 2.5369198 2.0728793 0.6851820 
Meleagris_gallopavo_XP_010722021.1                0.8697900 1.0303100 1.0664574 0.8408205 0.0310720 0.8209611 0.8413621 0.8331297 0.8892512 1.0826250 0.8938483 0.6181780 0.0000000 0.8739042 0.8572225 1.0739008 0.9240298 1.0254653 0.8631373 0.8666732 0.8275750 0.8220895 0.8807532 0.8261708 0.8762619 0.9834741 0.9876074 1.0306209 0.9402033 0.8916819 1.1114167 0.9107748 1.1361479 0.0722599 0.1703868 0.9270146 0.1151090 0.3030403 0.8781415 0.9421483 0.9088932 0.1545517 0.1606985 1.5753157 0.6612234 1.6751756 0.9271521 0.8371589 0.8508062 1.7662609 0.8756663 0.9892326 0.9418618 0.9207846 0.2897848 0.8627249 0.8514935 1.2693164 0.8207607 1.0021217 1.3029118 0.8845764 0.8681101 1.1671159 0.1811647 0.8260081 0.9502641 0.1753830 0.8367000 0.1230905 1.0839458 2.1850806 0.8702810 0.9530910 0.1876350 0.9126571 0.9637324 0.1275376 1.1893126 0.8521551 1.3045950 1.3953673 0.0762902 0.9161076 2.0486657 0.8763130 0.9595307 0.1619815 1.2471977 1.9641796 0.6819367 0.5897785 0.6390839 1.0171978 0.8815785 1.7395751 1.0021564 0.8541344 0.9094847 1.0243437 1.0009171 0.0752509 0.8320867 0.3105138 1.1565417 0.1577352 0.8383356 0.8683086 1.3642443 0.8997369 0.1531181 1.1710964 1.0181497 1.1033389 0.9489752 1.3333848 1.6406201 0.0935031 0.3684152 0.1593761 1.0032065 0.1794276 1.3864392 0.8754849 0.8476186 2.2557119 2.1838257 0.8192143 0.3774082 0.9708742 1.0530978 1.0642022 1.7268201 2.0916055 1.7536234 2.0472101 2.0232723 2.0242706 2.0766306 2.2436308 1.8115111 2.0650140 2.1728601 2.0797095 1.8383560 2.0742087 1.9912214 2.1726217 2.0945772 2.0180067 1.9853924 2.1760758 1.8087588 2.0054024 2.1756310 2.0184206 2.1445570 2.0319432 2.0825619 0.5459471 1.0668165 1.0717870 0.1418835 0.1626093 0.8264066 1.2813838 0.8526283 0.1283338 0.4162133 0.9220865 0.9233923 0.9600648 0.8587959 2.0649620 1.8920872 1.7880192 1.8037465 1.6981591 1.6797120 1.7409686 2.2691092 2.0154286 1.8515240 0.8891704 0.8968558 1.2244657 0.8880908 1.0557234 2.1509736 0.0231778 2.1757190 1.8609070 0.2421388 1.7333806 2.1513195 2.1315600 1.8169878 2.1715774 2.1256206 2.0308750 0.1688530 2.1638447 0.1106094 2.3730463 2.1630094 2.1872104 2.2057631 2.4408077 1.7299373 2.0881307 1.8228434 0.9473319 2.3220427 1.7667560 0.8354938 
Nomascus_leucogenys_XP_003253233.1                0.0313222 0.4446404 0.5254007 0.2473725 0.8644870 0.2203339 0.1794236 0.0639082 0.2624665 1.0323202 0.2550871 0.6690889 0.8739042 0.0000000 0.2847950 0.4813330 0.3220102 0.9191410 0.1583984 0.1674424 0.1841510 0.2322245 0.3749877 0.2117219 0.3568018 0.3941545 0.3125431 0.5761008 0.3217267 0.2581192 0.5897970 0.4912337 0.4393519 0.8367471 0.8441885 0.3318597 0.8362469 0.8831898 0.2148877 0.3117454 0.3087000 0.8548733 0.8530205 1.0429800 1.0743987 1.1809219 0.3692594 0.2325560 0.2142321 1.1793316 0.2619395 0.4099902 0.2872452 0.3818012 0.8729813 0.2514246 0.2422625 1.4787575 0.2359817 0.5865638 1.5294620 0.3337884 0.1408178 0.5858135 0.8163571 0.1992202 0.3287587 0.8463444 0.0891886 0.8685040 0.4945586 2.2976753 0.3037627 0.1775473 0.9098668 0.2343201 0.2344037 0.8401949 1.3975161 0.2078862 0.7013608 1.4989681 0.9179983 0.2748447 1.4235023 0.1459669 0.2647792 0.8351306 1.5082590 2.0290343 1.0706895 1.0037233 1.0185096 0.3682709 0.2392077 2.2137037 1.2714867 0.2409363 0.7816268 0.4401878 0.4543254 0.8198971 0.1742509 0.8726881 0.6171791 0.8378981 0.2174628 0.1691832 1.5283506 0.8242163 0.8632402 0.6750040 1.2560037 0.5297721 0.3882489 1.5943465 1.7281187 0.8436741 0.8761127 0.8388693 0.4465932 0.8459782 1.5167828 0.1422788 0.2087204 2.4845442 2.3456751 0.1700926 0.8734208 0.4123188 0.4379793 0.4530781 2.0874691 2.1929633 2.0254712 2.1830591 2.2637382 2.2159127 2.2054372 2.3609523 2.0077877 2.2282499 2.2765025 2.3150520 2.0728041 2.1961151 2.2228780 2.3068301 2.2108716 2.1670890 2.2317254 2.3131252 2.1120889 2.1733589 2.4490580 2.2034430 2.3285650 2.2046298 2.2431888 0.8374808 0.5863354 1.3436690 0.8577645 0.8129153 0.2109962 1.1722168 0.2038966 0.8447560 0.9325376 0.4692770 0.3256626 0.2766294 1.2353520 2.1057838 2.2244634 2.1497071 1.9145495 1.7976839 1.9420449 2.0338591 2.3262793 2.3761203 1.9982357 0.2215998 0.1899694 0.5546680 0.2476864 1.2270179 2.1899375 0.8628451 2.3659565 2.1091213 1.1310812 2.0838793 2.1601012 2.3893588 2.1049692 2.3156012 2.1950928 2.2541800 0.8801846 2.4068353 0.8542622 2.5275821 2.2377105 2.1702849 2.3829175 2.3452548 2.0568701 2.2346581 2.1144001 0.3160315 2.5173711 2.0917087 0.2403902 
Loxodonta_africana_XP_003418286.1                 0.3018922 0.4955577 0.5893727 0.2791217 0.8608971 0.2996194 0.2506022 0.3126517 0.3523068 1.0892358 0.3360263 0.7167661 0.8572225 0.2847950 0.0000000 0.5068261 0.3757438 0.9930754 0.2945566 0.3156553 0.2837016 0.3057942 0.2254285 0.2948839 0.4248948 0.4165248 0.4634979 0.6582965 0.4061910 0.3334831 0.6833875 0.4322560 0.5402420 0.8592227 0.9009449 0.4012072 0.8625417 0.8818713 0.2967494 0.4272907 0.3838067 0.8829761 0.8909955 1.0562722 1.0460502 1.2235527 0.4529918 0.3073464 0.2746485 1.1330169 0.2244711 0.4132834 0.3537543 0.4871869 0.8840438 0.3315859 0.3173943 1.5850348 0.3195834 0.7020529 1.5275879 0.3267451 0.2625857 0.6733645 0.8498201 0.2916448 0.4228664 0.8946659 0.3152753 0.8790413 0.5427656 2.3577309 0.3640449 0.3592862 0.9509134 0.3397109 0.3555574 0.8466877 1.4705992 0.2835395 0.7601475 1.5214979 0.8671457 0.3275124 1.4778207 0.2983409 0.3755575 0.8741852 1.5783486 1.9213109 1.0277952 1.0164091 1.0228336 0.4664936 0.3164100 2.0411568 1.2916702 0.2988130 0.8361653 0.5178588 0.5071666 0.8638394 0.2504459 0.8721802 0.6800697 0.8293831 0.2883458 0.2707868 1.5615708 0.8563614 0.8691436 0.7292154 1.2437431 0.5848497 0.4915089 1.6570917 1.7503991 0.8530399 0.8809648 0.8937397 0.5381924 0.9075193 1.5736810 0.3054663 0.2879759 2.4134211 2.2874158 0.2667999 0.8438096 0.2513577 0.5115338 0.5043877 2.0490536 2.0907573 1.9866238 2.1419341 2.1794506 2.1676353 2.1735830 2.3150856 1.9639918 2.1786423 2.2651781 2.2088510 1.9836466 2.1224953 2.0107413 2.2716352 2.2138791 2.2618783 2.1641303 2.1481856 2.0133806 2.1348777 2.2749200 2.1993912 2.2029918 2.1229864 2.1191896 0.8771291 0.6472830 1.3654566 0.8658369 0.8632152 0.2986495 1.2661474 0.2736541 0.8581754 0.9261050 0.4923095 0.3864050 0.3422227 1.2224434 2.0729051 2.2369453 2.1486137 1.8730418 1.9039823 1.9260027 2.0042394 2.3451431 2.3066747 1.9629351 0.3407270 0.3842469 0.6728489 0.3435909 1.2311797 2.1917901 0.8588831 2.2733649 2.1359892 1.2188969 2.1222519 2.0959888 2.2554412 2.1381326 2.2146855 2.0687892 2.1634712 0.9266220 2.2495652 0.8884046 2.4309499 2.1071809 2.1001573 2.2839704 2.1918816 2.0753818 2.1482376 2.0696280 0.3659849 2.3494703 2.0368096 0.2981897 
Cavia_porcellus_XP_013010905.1                    0.4820689 0.5460168 0.6828429 0.4417533 1.0720562 0.4624386 0.4168303 0.4841915 0.4990672 1.2310883 0.4341745 0.8846482 1.0739008 0.4813330 0.5068261 0.0000000 0.4244914 1.1343590 0.4113904 0.4977938 0.4339304 0.4410596 0.5414329 0.4658147 0.5260250 0.5954084 0.5328409 0.7108536 0.3337896 0.3909317 0.8154120 0.6099841 0.4748110 1.0781767 1.0658426 0.4524785 1.0859149 1.0464191 0.5033140 0.4469389 0.2920516 1.0426033 1.0793251 1.3242756 1.1911512 1.4617998 0.5430072 0.4415096 0.4768956 1.4059663 0.4598701 0.5647301 0.5069561 0.4938743 1.0944748 0.4634733 0.4357035 1.6678842 0.4234647 0.7408898 1.5805035 0.5387857 0.4157903 0.8448528 1.0690164 0.4716324 0.5104807 1.0803752 0.4691508 1.0981438 0.5615459 2.3783263 0.5355908 0.5134520 1.1037728 0.4991050 0.5164898 1.0359356 1.5734949 0.4327712 0.9996558 1.6115916 1.0751523 0.4878096 1.5914455 0.4720289 0.4827498 1.0635252 1.7585591 2.1772806 1.1692377 1.1686075 1.2186558 0.6143381 0.3755052 2.1676737 1.4364102 0.4335735 1.0419702 0.5861543 0.6010500 1.0552692 0.4295111 1.0547314 0.7854905 1.0235953 0.4760813 0.4368288 1.6824372 1.0547895 1.0668326 0.8848148 1.4373410 0.7100517 0.5088683 1.8170815 1.8734824 1.0729529 1.0802910 1.0719197 0.6182051 1.0699192 1.6531922 0.4740162 0.4564373 2.5443333 2.3536073 0.4341868 1.0145176 0.6157821 0.4942865 0.5721425 2.1610162 2.4138167 2.3020054 2.2774250 2.3050958 2.3056312 2.4332045 2.4744014 2.0852538 2.3261909 2.3684822 2.5325403 2.0592057 2.3244731 2.1792780 2.4088163 2.2625090 2.2238999 2.2725737 2.3252524 2.1498649 2.3722512 2.3505693 2.3712627 2.3257827 2.3481719 2.3427075 0.9768016 0.8422294 1.4801895 1.0657933 1.0462920 0.4457637 1.4471255 0.4596013 1.0633134 1.1247257 0.6042851 0.5498927 0.5023449 1.3714557 2.3710291 2.4223571 2.3638037 2.1065176 1.9570798 2.0670143 2.0323235 2.4359417 2.4689805 2.1648594 0.4772796 0.5162252 0.9083507 0.4851736 1.4345123 2.1374559 1.0784463 2.4862024 2.2980492 1.2781294 2.1657760 2.3723200 2.5469936 2.2622488 2.4907926 2.3548699 2.4522989 1.0952089 2.3616442 1.0936125 2.5319024 2.3928272 2.3501064 2.5656288 2.5866448 2.1539147 2.4484409 2.2568541 0.4645452 2.6969360 2.2248101 0.4342731 
Cricetulus_griseus_XP_007649842.2                 0.3240625 0.3301212 0.3452239 0.3270466 0.9454330 0.3387428 0.3013222 0.3397508 0.3451732 1.1023718 0.3430646 0.6915162 0.9240298 0.3220102 0.3757438 0.4244914 0.0000000 1.0133268 0.2967202 0.3355869 0.2848449 0.3255524 0.3910179 0.2904938 0.4051597 0.5591358 0.4176033 0.6489407 0.3049322 0.2131245 0.6597701 0.5308083 0.4624162 0.9220142 0.9203099 0.0809380 0.9230270 0.9304238 0.3379309 0.1178619 0.2995105 0.8991044 0.9200878 1.1443121 1.0958335 1.2852972 0.4141526 0.3656433 0.3047958 1.1894410 0.3250423 0.4762736 0.3538819 0.2483776 0.9108875 0.3381697 0.3383765 1.5223573 0.3177624 0.6562094 1.4242776 0.4043035 0.2979662 0.6632538 0.9290344 0.3359807 0.2146462 0.9165269 0.3118611 0.9075140 0.4908115 2.3335567 0.3904447 0.3659963 0.9469411 0.3636163 0.3839878 0.9020650 1.4617391 0.3167579 0.7736428 1.5742965 0.9364873 0.3396799 1.4235690 0.3223920 0.3839277 0.8906320 1.5564269 1.9878200 1.0743313 1.0562628 1.0692817 0.4565504 0.2527558 2.1201812 1.2811161 0.3287499 0.8497611 0.3205362 0.3542017 0.8893823 0.2845204 0.9198906 0.6911841 0.9470378 0.3141638 0.2948092 1.5493605 0.8544390 0.9024629 0.7513916 1.2375839 0.4510510 0.2568862 1.5639342 1.8377483 0.9074048 0.9327237 0.9027473 0.3350290 0.8908887 1.5994408 0.3243809 0.2729314 2.4443135 2.2857232 0.2974851 0.9182960 0.4896216 0.3665312 0.3424090 2.0365280 2.1340291 2.0792734 2.3057990 2.2724775 2.1866841 2.2548740 2.3258616 1.9942246 2.2112319 2.2839937 2.2781376 2.0209058 2.1857081 2.1079266 2.3358477 2.1701882 2.0829003 2.2305143 2.1984774 2.0660396 2.1659890 2.3439095 2.3126376 2.1990853 2.1939571 2.3325930 0.8685098 0.6612355 1.3841873 0.9615792 0.9327232 0.3717857 1.3358748 0.3098766 0.8896957 1.0122511 0.2951213 0.4060535 0.4189543 1.2371075 2.2473768 2.1719935 2.1088511 1.9211048 1.7863097 1.9287787 2.0510299 2.4474288 2.4158482 2.0107508 0.3510534 0.3810188 0.6607858 0.3482134 1.2991605 2.1546853 0.9240543 2.3376480 2.1260932 1.2409763 2.0414558 2.1527003 2.4508087 2.1251261 2.2999095 2.1870808 2.2560040 0.9301929 2.3064947 0.9162776 2.4076514 2.2300569 2.1567752 2.3679776 2.3573293 2.0351736 2.2381203 2.1056084 0.4085136 2.5050296 2.0742289 0.3608927 
Sarcophilus_harrisii_XP_003764238.1               0.9175027 1.0243630 1.1485367 0.9862503 1.0213654 0.9974589 0.9341999 0.9374732 0.9855853 0.5611253 0.9996509 0.9011345 1.0254653 0.9191410 0.9930754 1.1343590 1.0133268 0.0000000 0.9562324 0.9977789 0.9506852 0.9731087 1.1049007 0.9603116 0.9757930 1.1545413 1.0920448 1.3143699 1.0010697 0.9808626 1.0677608 0.9947113 1.1658680 0.9729534 0.9033525 1.0093104 1.0084443 0.9909917 0.9590184 1.0018640 0.9692711 0.9802472 0.9062044 1.4687715 1.1679801 1.6082297 1.0234495 0.9789667 0.9474760 1.5593693 0.9284497 0.9852428 1.0021351 1.0509609 0.9737639 0.9638142 0.9810354 1.6692202 0.9706456 1.1024241 1.6325849 1.0064252 0.9366380 1.1115767 0.9394020 0.9078174 0.9811648 0.8999861 0.9064532 0.9870716 1.1295782 2.2645480 1.0307300 1.0256472 0.9348505 0.9320742 0.9578640 0.9262477 1.5522595 0.9436304 1.4734970 1.7325241 1.0032959 0.9626738 2.0625996 0.9716346 1.0010065 0.9280641 1.6504062 2.1433235 1.1377626 1.1296658 1.1616553 1.0567776 0.9420260 2.3780627 1.3819438 0.9663184 0.3138658 1.0094854 0.9921690 0.9850126 0.9126962 0.9745522 1.2158635 0.9262467 0.9575626 0.9201024 1.7345914 0.3257452 0.9094105 1.2360518 1.4880823 1.1287195 1.0929691 1.8779547 2.0650421 0.9727673 1.0136223 0.9124854 1.0635004 0.9506228 1.7721023 0.9696094 0.9338333 2.4926840 2.4289366 0.9026715 0.9697175 1.0112051 1.0645068 1.0435272 1.8308008 2.0645065 1.9381969 2.2103481 2.0799426 2.3256827 2.2746742 2.3119523 1.8595187 2.2915912 2.1716479 2.4346978 2.1110115 2.2418837 2.2840842 2.4038297 2.2153522 2.0160616 2.1645433 2.3532174 2.0808637 2.2452304 2.2922474 2.0347763 2.2663456 2.2762423 2.3226597 1.0035104 1.1372795 1.4815839 0.9906564 0.9917023 0.9201944 0.5957620 0.9479959 0.9677286 1.0683122 1.1160443 1.0634854 1.0632687 1.3931327 2.2811288 2.0922437 2.0546851 2.0342254 1.9298041 1.7758560 2.1645784 2.6529414 2.2044213 2.0179350 1.0376895 0.9517536 1.3906419 0.9639992 1.3575036 2.3424977 1.0430234 2.1574489 2.0486289 1.1818658 2.0183975 2.0819774 2.3298448 2.0626482 2.1409385 2.0975249 2.0709565 0.9333799 2.3169020 0.9699708 2.4306565 2.1108082 2.0816801 2.1959043 2.3031881 1.9891655 2.1201444 2.0055546 0.9703454 2.2612709 2.0005069 0.9852248 
