95
Gorilla_gorilla_ENSGGOP00000033442                 0.0000000 0.0000010 0.0038621 0.0313456 0.0718594 0.0513092 0.0720200 0.0513092 0.0634496 0.0593756 0.0679630 0.0720745 0.1397460 0.1634310 0.1711789 0.1552698 0.1415646 0.1734221 0.2291800 0.2401059 0.2200249 0.3291859 0.4589086 0.3102803 0.4938344 0.3216654 0.3291859 0.2077365 0.4990337 0.4276149 0.4895892 0.2163025 0.4630379 0.3242452 0.4994401 0.2540470 0.3332063 0.3117537 0.2731077 0.4732800 0.4623565 0.5306885 0.2386609 0.2588812 0.3394324 0.2139901 0.4685946 0.4802055 0.4823783 0.3831295 0.2028005 0.1882518 0.1837568 0.1671755 0.1671755 0.1722530 0.1679804 0.1760460 0.5220288 0.2874663 0.2947477 0.1659462 0.1893743 0.2274098 0.1760460 0.3256649 0.2860177 0.1882518 0.4368351 0.4192808 0.2462642 0.2514373 0.2532814 0.2614692 0.2518361 0.3144091 0.2518361 0.2354685 0.2459097 0.2462642 0.2383355 0.2467561 0.2449696 0.2467561 0.2520842 0.2500533 0.2529743 0.5972390 1.2223927 0.8542941 1.0986930 0.9639859 2.2185251 2.4396231 2.2829586 
Pan_troglodytes_ENSPTRP00000080550                 0.0000010 0.0000000 0.0038621 0.0313456 0.0718594 0.0513092 0.0720200 0.0513092 0.0634496 0.0593756 0.0679630 0.0720745 0.1397460 0.1634310 0.1711789 0.1552698 0.1415646 0.1734221 0.2291800 0.2401059 0.2200249 0.3291859 0.4589086 0.3102803 0.4938344 0.3216654 0.3291859 0.2077365 0.4990337 0.4276149 0.4895892 0.2163025 0.4630379 0.3242452 0.4994401 0.2540470 0.3332063 0.3117537 0.2731077 0.4732800 0.4623565 0.5306885 0.2386609 0.2588812 0.3394324 0.2139901 0.4685946 0.4802055 0.4823783 0.3831295 0.2028005 0.1882518 0.1837568 0.1671755 0.1671755 0.1722530 0.1679804 0.1760460 0.5220288 0.2874663 0.2947477 0.1659462 0.1893743 0.2274098 0.1760460 0.3256649 0.2860177 0.1882518 0.4368351 0.4192808 0.2462642 0.2514373 0.2532814 0.2614692 0.2518361 0.3144091 0.2518361 0.2354685 0.2459097 0.2462642 0.2383355 0.2467561 0.2449696 0.2467561 0.2520842 0.2500533 0.2529743 0.5972390 1.2223927 0.8542941 1.0986930 0.9639859 2.2185251 2.4396231 2.2829586 
Pan_paniscus_ENSPPAP00000007656                    0.0038621 0.0038621 0.0000000 0.0353163 0.0759651 0.0553380 0.0761353 0.0553380 0.0675155 0.0634280 0.0720684 0.0761922 0.1441877 0.1624801 0.1757903 0.1506939 0.1459448 0.1780070 0.2339998 0.2449801 0.2248192 0.3306008 0.4647150 0.3116035 0.4876753 0.3270138 0.3306008 0.2124683 0.4987209 0.4333184 0.4955674 0.2210455 0.4688378 0.3295087 0.4991268 0.2589696 0.3332063 0.3063310 0.2780702 0.4729830 0.4620666 0.5240428 0.2435189 0.2638891 0.3447910 0.2187734 0.4683008 0.4799015 0.4820739 0.3886327 0.2075137 0.1928912 0.1883860 0.1717204 0.1717204 0.1768258 0.1725286 0.1806131 0.5288608 0.2925780 0.3000340 0.1704599 0.1940614 0.2323417 0.1806131 0.3310002 0.2911050 0.1928912 0.4426131 0.4133175 0.2511240 0.2563138 0.2581992 0.2564695 0.2567230 0.3087247 0.2567230 0.2402768 0.2507611 0.2511240 0.2432443 0.2516235 0.2498036 0.2516235 0.2569727 0.2549792 0.2579732 0.6042220 1.2241266 0.8537138 1.0890500 0.9633230 2.2246672 2.4399678 2.2764805 
Nomascus_leucogenys_ENSNLEP00000008947             0.0313456 0.0313456 0.0353163 0.0000000 0.0850117 0.0640345 0.0852047 0.0640345 0.0681334 0.0681436 0.0894366 0.0936479 0.1467319 0.1794612 0.1685954 0.1713232 0.1409835 0.1589972 0.2385741 0.2282040 0.2142630 0.3269272 0.4481538 0.3184714 0.5029795 0.3353696 0.3269272 0.2068160 0.4980375 0.4281533 0.4860343 0.2106195 0.4522873 0.3220224 0.4984413 0.2478554 0.3315704 0.3111489 0.2620257 0.4662410 0.4554048 0.5416649 0.2461159 0.2594247 0.3370788 0.2082708 0.4615971 0.4764573 0.4752296 0.3873208 0.1972158 0.1828194 0.1783563 0.1800741 0.1800741 0.1852100 0.1626631 0.1706693 0.5131614 0.2655331 0.2931164 0.1697099 0.2071031 0.2166043 0.1706693 0.3259763 0.2641978 0.1828194 0.4173214 0.4102297 0.2451448 0.2502908 0.2521167 0.2602686 0.2506853 0.3125842 0.2506853 0.2344091 0.2447938 0.2451448 0.2372408 0.2456328 0.2438610 0.2456328 0.2546958 0.2489015 0.2517920 0.5853731 1.2104599 0.8534089 1.0881014 0.9650491 2.2223389 2.4612338 2.3224470 
Piliocolobus_tephrosceles_ENSPTEP00000022375       0.0718594 0.0718594 0.0759651 0.0850117 0.0000000 0.0234307 0.0077565 0.0234307 0.0313299 0.0392970 0.0116589 0.0155699 0.1796924 0.1951039 0.1843850 0.1931606 0.1756227 0.1894299 0.2498877 0.2948884 0.2405947 0.3380413 0.4718918 0.3351471 0.5148199 0.3511669 0.3380413 0.2568053 0.5016700 0.4405488 0.4896176 0.2462642 0.4760422 0.3434847 0.5020801 0.2645331 0.3600207 0.3518126 0.2959832 0.5126543 0.5015695 0.5510578 0.2679184 0.2744359 0.3430991 0.2542866 0.4926053 0.5078490 0.5220900 0.3897100 0.2325072 0.2031586 0.1938762 0.2083793 0.2083793 0.2137118 0.1963332 0.1965229 0.5884743 0.3133397 0.3206724 0.1940831 0.2283402 0.2327344 0.1965229 0.3398664 0.3117487 0.2031586 0.4590640 0.4373059 0.2950864 0.3004973 0.2914903 0.2894215 0.2795442 0.3411362 0.2795442 0.2625653 0.2946401 0.2950864 0.2919167 0.2844970 0.2678826 0.2844970 0.2967409 0.2954651 0.2918220 0.6160957 1.2035030 0.8405564 1.0984668 0.9529935 2.1517003 2.3478104 2.2290384 
Macaca_fascicularis_ENSMFAP00000037249             0.0513092 0.0513092 0.0553380 0.0640345 0.0234307 0.0000000 0.0234812 0.0000010 0.0155186 0.0154642 0.0274512 0.0314228 0.1550795 0.1698564 0.1692009 0.1707142 0.1692966 0.1882037 0.2483602 0.2685015 0.2296845 0.3500413 0.4551381 0.3273710 0.5151063 0.3679344 0.3500413 0.2363223 0.4982109 0.4539402 0.4922753 0.2353662 0.4592796 0.3453829 0.4986165 0.2688049 0.3518590 0.3366413 0.2828289 0.5018030 0.4907666 0.5516296 0.2662592 0.2629023 0.3552535 0.2381803 0.4869605 0.4969374 0.5111423 0.3812025 0.2217536 0.1928315 0.1836481 0.1890559 0.1890559 0.1942454 0.1861525 0.1942877 0.5648918 0.3041045 0.3081849 0.1839859 0.2176102 0.2216827 0.1942877 0.3437567 0.3025732 0.1928315 0.4480283 0.4182683 0.2828544 0.2881855 0.2798183 0.2778504 0.2680901 0.3277225 0.2680901 0.2513904 0.2824333 0.2828544 0.2592152 0.2729869 0.2601364 0.2729869 0.2881098 0.2836488 0.2799519 0.6187951 1.2103829 0.8590817 1.0904301 0.9851349 2.1797260 2.4281624 2.2987777 
Colobus_angolensis_palliatus_ENSCANP00000040304    0.0720200 0.0720200 0.0761353 0.0852047 0.0077565 0.0234812 0.0000000 0.0234812 0.0313979 0.0393827 0.0116839 0.0156033 0.1801302 0.1955869 0.1848421 0.1936416 0.1760503 0.1899035 0.2505345 0.2956651 0.2412147 0.3341530 0.4732774 0.3360498 0.5163487 0.3471892 0.3341530 0.2574675 0.4977329 0.4418240 0.4856859 0.2468956 0.4774364 0.3396064 0.4981406 0.2652231 0.3610208 0.3527918 0.2967663 0.5087400 0.4976491 0.5469884 0.2640717 0.2751659 0.3391774 0.2549478 0.4886744 0.5039027 0.5181608 0.3858278 0.2331012 0.2036673 0.1943601 0.2088968 0.2088968 0.2142463 0.1968202 0.1970125 0.5904706 0.3141954 0.3215655 0.1945612 0.2289240 0.2333454 0.1970125 0.3408073 0.3125963 0.2036673 0.4550683 0.4515439 0.2958682 0.3012952 0.2922654 0.2901855 0.2802799 0.3421424 0.2802799 0.2632478 0.2954194 0.2958682 0.2880217 0.2852467 0.2685813 0.2852467 0.2975297 0.2962582 0.2926111 0.6181429 1.2140035 0.8479131 1.1015318 0.9555066 2.1657046 2.3659382 2.2232467 
Cercocebus_atys_ENSCATP00000044852                 0.0513092 0.0513092 0.0553380 0.0640345 0.0234307 0.0000010 0.0234812 0.0000000 0.0155186 0.0154642 0.0274512 0.0314228 0.1550795 0.1698564 0.1692009 0.1707142 0.1692966 0.1882037 0.2483602 0.2685015 0.2296845 0.3500413 0.4551381 0.3273710 0.5151063 0.3679344 0.3500413 0.2363223 0.4982109 0.4539402 0.4922753 0.2353662 0.4592796 0.3453829 0.4986165 0.2688049 0.3518590 0.3366413 0.2828289 0.5018030 0.4907666 0.5516296 0.2662592 0.2629023 0.3552535 0.2381803 0.4869605 0.4969374 0.5111423 0.3812025 0.2217536 0.1928315 0.1836481 0.1890559 0.1890559 0.1942454 0.1861525 0.1942877 0.5648918 0.3041045 0.3081849 0.1839859 0.2176102 0.2216827 0.1942877 0.3437567 0.3025732 0.1928315 0.4480283 0.4182683 0.2828544 0.2881855 0.2798183 0.2778504 0.2680901 0.3277225 0.2680901 0.2513904 0.2824333 0.2828544 0.2592152 0.2729869 0.2601364 0.2729869 0.2881098 0.2836488 0.2799519 0.6187951 1.2103829 0.8590817 1.0904301 0.9851349 2.1797260 2.4281624 2.2987777 
Macaca_nemestrina_ENSMNEP00000035632               0.0634496 0.0634496 0.0675155 0.0681334 0.0313299 0.0155186 0.0313979 0.0155186 0.0000000 0.0312311 0.0353951 0.0393905 0.1645996 0.1887620 0.1883233 0.1896523 0.1782916 0.1975166 0.2581450 0.2835810 0.2393558 0.3563785 0.4631992 0.3378017 0.5135562 0.3790847 0.3563785 0.2459894 0.5012555 0.4657721 0.5074139 0.2450003 0.4673492 0.3516953 0.5016647 0.2787864 0.3627051 0.3355557 0.2819329 0.5100300 0.4989374 0.5495160 0.2624870 0.2729699 0.3616795 0.2529626 0.4899627 0.5088861 0.5194585 0.3948408 0.2313215 0.2021477 0.1929159 0.1982596 0.1982596 0.2035076 0.1953665 0.2035466 0.5685571 0.3199367 0.3188669 0.1931342 0.2271757 0.2315151 0.2035466 0.3545831 0.3183282 0.2021477 0.4599410 0.4349310 0.2917611 0.2971105 0.2899297 0.2878836 0.2780654 0.3390969 0.2780654 0.2611971 0.2913249 0.2917611 0.2804620 0.2829889 0.2761281 0.2829889 0.2932532 0.2938675 0.2902333 0.6271137 1.2119271 0.8682740 1.1164569 0.9953277 2.2046161 2.3994301 2.3009656 
Chlorocebus_sabaeus_ENSCSAP00000015337             0.0593756 0.0593756 0.0634280 0.0681436 0.0392970 0.0154642 0.0393827 0.0154642 0.0312311 0.0000000 0.0434092 0.0474308 0.1595417 0.1789031 0.1738050 0.1797760 0.1692014 0.1928952 0.2581447 0.2638774 0.2393572 0.3395804 0.4444170 0.3348449 0.5128504 0.3790655 0.3395804 0.2336989 0.4866651 0.4507823 0.4807506 0.2419695 0.4485658 0.3452320 0.4870612 0.2738559 0.3383273 0.3433075 0.2826936 0.5016408 0.4906038 0.5575808 0.2731547 0.2729680 0.3416427 0.2479332 0.4867975 0.5021992 0.5109798 0.3810462 0.2313236 0.2021518 0.1929205 0.1982638 0.1982638 0.2035116 0.1907935 0.1989532 0.5722886 0.2971586 0.3128867 0.1931388 0.2271781 0.2215621 0.1989532 0.3441500 0.2956664 0.2021518 0.4428793 0.4150491 0.2827187 0.2880485 0.2796824 0.2777159 0.2679579 0.3333749 0.2679579 0.2512634 0.2822979 0.2827187 0.2566167 0.2728535 0.2575928 0.2728535 0.2879729 0.2835110 0.2798137 0.6259601 1.1995535 0.8500594 1.0921908 0.9862904 2.1762240 2.4518080 2.3069349 
Rhinopithecus_roxellana_ENSRROP00000041818         0.0679630 0.0679630 0.0720684 0.0894366 0.0116589 0.0274512 0.0116839 0.0274512 0.0353951 0.0434092 0.0000000 0.0038710 0.1659144 0.1910352 0.1850253 0.1890650 0.1618667 0.1845176 0.2406982 0.2955595 0.2411517 0.3218262 0.4536424 0.3309024 0.4960527 0.3343966 0.3218262 0.2419088 0.4830585 0.4227640 0.4850570 0.2411049 0.4578087 0.3272367 0.4834520 0.2494311 0.3500662 0.3407758 0.2905442 0.4940095 0.4830386 0.5311682 0.2528300 0.2690192 0.3266749 0.2490369 0.4741404 0.4891140 0.5032537 0.3853403 0.2273964 0.1982108 0.1889634 0.1942288 0.1942288 0.1994672 0.1822494 0.1823791 0.5832033 0.3076844 0.3042591 0.1801023 0.2136941 0.2274825 0.1823791 0.3234506 0.3061220 0.1982108 0.4525237 0.4360240 0.2856584 0.2910454 0.2759697 0.2740224 0.2642388 0.3236480 0.2642388 0.2475283 0.2852285 0.2856584 0.2876608 0.2691480 0.2527689 0.2691480 0.2872802 0.2911963 0.2760392 0.5942069 1.2429137 0.8416605 1.1040327 0.9522793 2.1589700 2.3677700 2.2109749 
Rhinopithecus_bieti_ENSRBIP00000043069             0.0720745 0.0720745 0.0761922 0.0936479 0.0155699 0.0314228 0.0156033 0.0314228 0.0393905 0.0474308 0.0038710 0.0000000 0.1704353 0.1956866 0.1896881 0.1937418 0.1663820 0.1891914 0.2456005 0.3006300 0.2363903 0.3270873 0.4595109 0.3361281 0.4902104 0.3398332 0.3270873 0.2371849 0.4772615 0.4284948 0.4910377 0.2363915 0.4636708 0.3325065 0.4776499 0.2446464 0.3554716 0.3461641 0.2856332 0.4949280 0.4839386 0.5345871 0.2577488 0.2641045 0.3320022 0.2539634 0.4750268 0.4900312 0.5041924 0.3908527 0.2227104 0.2029041 0.1936331 0.1988619 0.1988619 0.2041294 0.1868653 0.1870143 0.5903368 0.3129325 0.3042162 0.1846847 0.2184829 0.2324329 0.1870143 0.3287753 0.3113450 0.2029041 0.4467701 0.4418907 0.2907279 0.2861117 0.2810207 0.2790347 0.2692241 0.3236480 0.2692241 0.2524322 0.2902888 0.2907279 0.2927911 0.2741458 0.2576958 0.2741458 0.2923687 0.2861963 0.2811752 0.5934301 1.2371611 0.8377044 1.0990438 0.9478897 2.1646219 2.3526148 2.2222949 
Cebus_capucinus_ENSCCAP00000013613                 0.1397460 0.1397460 0.1441877 0.1467319 0.1796924 0.1550795 0.1801302 0.1550795 0.1645996 0.1595417 0.1659144 0.1704353 0.0000000 0.0905714 0.0768770 0.0812556 0.1763909 0.1916378 0.2625605 0.2958885 0.2531264 0.3385830 0.5016186 0.3474354 0.5624086 0.3950461 0.3385830 0.2575116 0.4924936 0.4510288 0.5058207 0.2698081 0.5057248 0.3453561 0.4928970 0.2573329 0.3692205 0.3479890 0.2983877 0.4748743 0.4639159 0.5174475 0.2870567 0.2989874 0.3532363 0.2710829 0.4778067 0.4833611 0.4840103 0.4349653 0.2456333 0.2185263 0.2186978 0.1909070 0.1909070 0.1973772 0.1987114 0.2029397 0.5673610 0.3077026 0.3290342 0.2058492 0.2361563 0.2542925 0.2029397 0.3331291 0.3090614 0.2185263 0.4335968 0.4279959 0.2669168 0.2722459 0.2658333 0.2639673 0.2542585 0.3118382 0.2542585 0.2377445 0.2665200 0.2669168 0.2835123 0.2591323 0.2420625 0.2591323 0.2589835 0.2712396 0.2657329 0.6123394 1.3165072 0.8912464 1.1071076 1.0242282 2.2541487 2.5306724 2.3722756 
Callithrix_jacchus_ENSCJAP00000023173              0.1634310 0.1634310 0.1624801 0.1794612 0.1951039 0.1698564 0.1955869 0.1698564 0.1887620 0.1789031 0.1910352 0.1956866 0.0905714 0.0000000 0.1162545 0.1019738 0.2195166 0.2451338 0.3002396 0.3423764 0.2867081 0.3853876 0.5179009 0.3557899 0.5521822 0.4147130 0.3853876 0.3064339 0.5265919 0.4640279 0.5035591 0.3180028 0.5179009 0.3938233 0.5270337 0.2872032 0.3864907 0.3682308 0.3216018 0.5219956 0.5107064 0.5384422 0.3332170 0.3373917 0.4070581 0.3195561 0.5252108 0.5202685 0.5294152 0.4395827 0.2925962 0.2553506 0.2456594 0.2238242 0.2238242 0.2307316 0.2240059 0.2453138 0.6393878 0.3682621 0.3441853 0.2251606 0.2602528 0.2749337 0.2453138 0.3594997 0.3698168 0.2553506 0.5096893 0.4696969 0.3320874 0.3401521 0.3456307 0.3291527 0.3258880 0.3869482 0.3258880 0.3144678 0.3315624 0.3320874 0.3245437 0.3378928 0.3189501 0.3378928 0.3224729 0.3278796 0.3469187 0.6498093 1.2591121 0.8639361 1.0991847 0.9690266 2.2578420 2.5057036 2.3403415 
Saimiri_boliviensis_boliviensis_ENSSBOP00000022311 0.1711789 0.1711789 0.1757903 0.1685954 0.1843850 0.1692009 0.1848421 0.1692009 0.1883233 0.1738050 0.1850253 0.1896881 0.0768770 0.1162545 0.0000000 0.1012817 0.2015045 0.1999204 0.2794408 0.3007273 0.2766465 0.3524021 0.4958914 0.3361889 0.5607192 0.4099514 0.3524021 0.2650667 0.5198427 0.4654094 0.4985442 0.2740652 0.5000510 0.3467046 0.5202756 0.2779378 0.3723595 0.3703635 0.3195330 0.5025703 0.4914561 0.5413614 0.3009007 0.3006661 0.3726569 0.2753721 0.5056582 0.5114684 0.5119792 0.4303220 0.2496128 0.2420766 0.2422730 0.2279621 0.2279621 0.2348965 0.2171737 0.2246814 0.5849944 0.3196715 0.3578808 0.2243969 0.2602659 0.2823073 0.2246814 0.3408917 0.3210818 0.2420766 0.4249622 0.4324503 0.2806354 0.2860549 0.2943737 0.2922781 0.2823624 0.3489119 0.2823624 0.2617233 0.2802107 0.2806354 0.3011885 0.2873341 0.2759579 0.2873341 0.2803663 0.2772846 0.2947552 0.6256462 1.3716275 0.9444274 1.1635074 1.0531315 2.1630202 2.4986363 2.3738146 
Aotus_nancymaae_ENSANAP00000033484                 0.1552698 0.1552698 0.1506939 0.1713232 0.1931606 0.1707142 0.1936416 0.1707142 0.1896523 0.1797760 0.1890650 0.1937418 0.0812556 0.1019738 0.1012817 0.0000000 0.2109192 0.2299276 0.2968364 0.3409375 0.2945993 0.3659403 0.5386512 0.3607247 0.5903268 0.4248802 0.3659403 0.2806505 0.5240414 0.4551601 0.5110202 0.2887525 0.5427775 0.3768995 0.5244791 0.2996043 0.3908222 0.3785191 0.3422870 0.5228692 0.5115115 0.5432537 0.3215559 0.3036737 0.3797762 0.2901533 0.5322601 0.5276838 0.5325910 0.4577161 0.2637644 0.2543536 0.2545613 0.2214769 0.2214769 0.2283246 0.2247096 0.2397116 0.6235221 0.3522010 0.3511023 0.2188442 0.2661173 0.2976083 0.2397116 0.3593276 0.3503975 0.2543536 0.4961604 0.4791703 0.2963774 0.3019260 0.3128049 0.3000156 0.3003204 0.3541859 0.3003204 0.2826270 0.2959177 0.2963774 0.3088507 0.3054314 0.2870867 0.3054314 0.2921912 0.2950129 0.3135146 0.6453370 1.3358781 0.9313275 1.1210608 1.0675057 2.3311214 2.5673218 2.3912722 
Carlito_syrichta_ENSTSYP00000021888                0.1415646 0.1415646 0.1459448 0.1409835 0.1756227 0.1692966 0.1760503 0.1692966 0.1782916 0.1692014 0.1618667 0.1663820 0.1763909 0.2195166 0.2015045 0.2109192 0.0000000 0.1262148 0.1998280 0.2467838 0.2054860 0.2969019 0.4419470 0.2735912 0.4872541 0.3316668 0.2969019 0.1821886 0.4256859 0.3760698 0.4267689 0.2149800 0.4460532 0.2843252 0.4260282 0.2201375 0.3047875 0.2843152 0.2427818 0.4305711 0.4200357 0.5263739 0.2184679 0.2592132 0.3121481 0.2267583 0.4368179 0.4475469 0.4461550 0.3843433 0.2021447 0.1566957 0.1613209 0.1362463 0.1362463 0.1410081 0.1370050 0.1419767 0.4980433 0.2370071 0.2695574 0.1368183 0.1518989 0.2023775 0.1419767 0.2667643 0.2381044 0.1566957 0.3800663 0.3603689 0.1956712 0.2022210 0.2047460 0.2033753 0.1942530 0.2667721 0.1942530 0.1755526 0.1907214 0.1956712 0.2160468 0.1988396 0.1984673 0.1988396 0.2047377 0.2207541 0.2036722 0.5172062 1.1796541 0.8253443 1.0419023 0.9698028 2.1922631 2.3527102 2.3150788 
Otolemur_garnettii_ENSOGAP00000020480              0.1734221 0.1734221 0.1780070 0.1589972 0.1894299 0.1882037 0.1899035 0.1882037 0.1975166 0.1928952 0.1845176 0.1891914 0.1916378 0.2451338 0.1999204 0.2299276 0.1262148 0.0000000 0.2112284 0.2243681 0.2022579 0.2946728 0.4367978 0.2773555 0.4896376 0.2890879 0.2946728 0.2142964 0.4184289 0.4085384 0.4704095 0.2040195 0.4408800 0.2939455 0.4125892 0.2291463 0.3335050 0.2957194 0.2289713 0.4687156 0.4638118 0.5134885 0.2304309 0.2396657 0.3248967 0.2154867 0.4616711 0.4735167 0.4849530 0.3889843 0.1995672 0.1840019 0.1887152 0.1528512 0.1528512 0.1622696 0.1563378 0.1440092 0.5484692 0.2602457 0.2900391 0.1634727 0.1988510 0.2403572 0.1440092 0.2785745 0.2656401 0.1840019 0.4000898 0.4108216 0.2039426 0.2251377 0.2093081 0.2078833 0.2082306 0.2665914 0.2082306 0.1934190 0.2036593 0.2039426 0.2408589 0.2032656 0.2029639 0.2032656 0.2134636 0.2388319 0.2034435 0.5617598 1.2416196 0.8665552 1.0518792 0.9898971 2.2305202 2.4792505 2.2417838 
Propithecus_coquereli_ENSPCOP00000003211           0.2291800 0.2291800 0.2339998 0.2385741 0.2498877 0.2483602 0.2505345 0.2483602 0.2581450 0.2581447 0.2406982 0.2456005 0.2625605 0.3002396 0.2794408 0.2968364 0.1998280 0.2112284 0.0000000 0.2512720 0.1595044 0.3682436 0.5006474 0.3248650 0.5378637 0.3560284 0.3682436 0.2558673 0.5074729 0.4582127 0.5129368 0.2557531 0.5047316 0.3565652 0.5012293 0.2857068 0.3494730 0.3863388 0.3062822 0.4815844 0.4828272 0.5928597 0.2824355 0.3068332 0.3888869 0.2560192 0.4877382 0.4874859 0.5072554 0.4355834 0.2432308 0.2222921 0.2187857 0.2002249 0.2002249 0.1967064 0.2079271 0.2057276 0.5903829 0.3072864 0.3222409 0.2029389 0.2062854 0.2788285 0.2057276 0.3412605 0.3129259 0.2222921 0.4838082 0.4090017 0.2740259 0.2790956 0.2896763 0.2876455 0.2778918 0.3508620 0.2778918 0.2621249 0.2736215 0.2740259 0.2886381 0.2827834 0.2674525 0.2827834 0.2838019 0.2836132 0.2794294 0.6034203 1.2354798 0.8530081 1.1277411 0.9644635 2.1061109 2.4058990 2.2061980 
Microcebus_murinus_ENSMICP00000036936              0.2401059 0.2401059 0.2449801 0.2282040 0.2948884 0.2685015 0.2956651 0.2685015 0.2835810 0.2638774 0.2955595 0.3006300 0.2958885 0.3423764 0.3007273 0.3409375 0.2467838 0.2243681 0.2512720 0.0000000 0.2335668 0.3834104 0.4767340 0.3381627 0.5394050 0.3779675 0.3834104 0.2644516 0.5160541 0.4424336 0.5196793 0.2634110 0.4807794 0.3598107 0.5098310 0.2663370 0.3445390 0.4077605 0.2913552 0.5123223 0.5243423 0.5598878 0.2912659 0.2941105 0.4006954 0.2579954 0.5288683 0.5338173 0.5289643 0.4515543 0.2537524 0.2775579 0.2678648 0.2509322 0.2509322 0.2534618 0.2651784 0.2510204 0.6068457 0.3494276 0.3898977 0.2722855 0.2790731 0.3181151 0.2510204 0.3438300 0.3551959 0.2775579 0.4567095 0.4365268 0.2833810 0.3047797 0.2847558 0.2928337 0.2933441 0.3706093 0.2933441 0.2805219 0.2875567 0.2833810 0.2972265 0.2779699 0.2954105 0.2779699 0.3024023 0.2997119 0.2849694 0.6611317 1.3264203 0.8848069 1.0756106 0.9895039 2.1935254 2.4980467 2.3090807 
Prolemur_simus_ENSPSMP00000000253                  0.2200249 0.2200249 0.2248192 0.2142630 0.2405947 0.2296845 0.2412147 0.2296845 0.2393558 0.2393572 0.2411517 0.2363903 0.2531264 0.2867081 0.2766465 0.2945993 0.2054860 0.2022579 0.1595044 0.2335668 0.0000000 0.3768348 0.5085121 0.3129883 0.5485996 0.3728939 0.3768348 0.2166538 0.4527081 0.4410474 0.5033098 0.2152435 0.5125783 0.3815879 0.4467790 0.2587593 0.3297467 0.3560308 0.2776383 0.5005732 0.5021033 0.5910582 0.2835780 0.2654516 0.3836697 0.2405485 0.4986824 0.4940890 0.5288286 0.4402737 0.2041843 0.1759066 0.1850571 0.1779182 0.1779182 0.1876635 0.1935572 0.1912907 0.5867214 0.2832039 0.3049838 0.1886515 0.2023024 0.2288442 0.1912907 0.3404578 0.2887405 0.1759066 0.4166933 0.3978635 0.2707990 0.2759694 0.2726726 0.2759535 0.2661780 0.3228067 0.2661780 0.2539908 0.2655336 0.2707990 0.2614398 0.2659025 0.2447677 0.2659025 0.2806063 0.2302760 0.2726866 0.5859194 1.2203573 0.8182836 1.0546330 0.9510932 2.2206857 2.2991342 2.2870367 
Cricetulus_griseus_picr_ENSCGRP00015025344         0.3291859 0.3291859 0.3306008 0.3269272 0.3380413 0.3500413 0.3341530 0.3500413 0.3563785 0.3395804 0.3218262 0.3270873 0.3385830 0.3853876 0.3524021 0.3659403 0.2969019 0.2946728 0.3682436 0.3834104 0.3768348 0.0000000 0.4686195 0.3033979 0.5010986 0.2167845 0.0000010 0.3073967 0.4326509 0.3598894 0.2862677 0.3180632 0.4728417 0.1183207 0.4329995 0.2549895 0.3095488 0.4111955 0.2151760 0.3346205 0.3294642 0.3513092 0.3525568 0.3764531 0.0811882 0.3426314 0.3248370 0.3592374 0.3474510 0.2508145 0.3136548 0.2698910 0.2701155 0.2943903 0.2943903 0.2983033 0.2878904 0.2824878 0.6235715 0.3481178 0.4261210 0.2866355 0.2823436 0.3275182 0.2824878 0.4152718 0.3481178 0.2698910 0.5037796 0.5717797 0.3352351 0.3482584 0.3256523 0.3269238 0.3313529 0.3947006 0.3313529 0.3203178 0.3395497 0.3352351 0.3709996 0.3251390 0.3332626 0.3251390 0.3433069 0.3659887 0.3336976 0.6607510 1.3119914 0.8812904 1.1223531 1.0511587 2.1737015 2.5873843 2.3569693 
Heterocephalus_glaber_male_ENSHGLP00100014646      0.4589086 0.4589086 0.4647150 0.4481538 0.4718918 0.4551381 0.4732774 0.4551381 0.4631992 0.4444170 0.4536424 0.4595109 0.5016186 0.5179009 0.4958914 0.5386512 0.4419470 0.4367978 0.5006474 0.4767340 0.5085121 0.4686195 0.0000000 0.3315093 0.4465757 0.4840086 0.4686195 0.4475871 0.4867982 0.5383716 0.6209433 0.4226901 0.0000010 0.4384990 0.4806440 0.4133956 0.3624420 0.5026203 0.4213089 0.5936614 0.6020178 0.6383112 0.4986993 0.4808918 0.4957709 0.4465662 0.6122788 0.6085997 0.5933412 0.5210508 0.4383973 0.4814077 0.4758057 0.4713071 0.4713071 0.4809605 0.4459456 0.4508287 0.8698875 0.4824634 0.5760792 0.4449216 0.4949946 0.5003660 0.4508287 0.5495725 0.4824634 0.4814077 0.6489622 0.5903112 0.4763866 0.4897381 0.4502915 0.4468481 0.4477214 0.5370483 0.4477214 0.4404801 0.4807523 0.4763866 0.4946441 0.4412783 0.4406809 0.4412783 0.4853479 0.5019002 0.4468731 0.7992098 1.5002387 1.0921131 1.3400809 1.2072783 2.4265769 2.6779002 2.3390042 
Chinchilla_lanigera_ENSCLAP00000016837             0.3102803 0.3102803 0.3116035 0.3184714 0.3351471 0.3273710 0.3360498 0.3273710 0.3378017 0.3348449 0.3309024 0.3361281 0.3474354 0.3557899 0.3361889 0.3607247 0.2735912 0.2773555 0.3248650 0.3381627 0.3129883 0.3033979 0.3315093 0.0000000 0.3991158 0.3297973 0.3033979 0.2908803 0.2950777 0.3629408 0.4793991 0.2962911 0.3298650 0.3078147 0.2899983 0.2445785 0.1651787 0.3783739 0.2381052 0.4703885 0.4718197 0.5395830 0.3271549 0.3381931 0.3313584 0.3245969 0.4795233 0.4746672 0.4826621 0.3455296 0.3026182 0.3056323 0.3008085 0.2938777 0.2938777 0.2998136 0.2985551 0.2910360 0.6177679 0.3250816 0.4127527 0.2928788 0.3222715 0.3270786 0.2910360 0.3744642 0.3250816 0.3056323 0.4822724 0.4716386 0.3156305 0.3068680 0.3053449 0.2994313 0.2933076 0.3683213 0.2933076 0.2873900 0.3198573 0.3156305 0.3192032 0.2982571 0.3027447 0.2982571 0.3117463 0.2993955 0.3059078 0.6563432 1.2972311 0.9346424 1.1427505 1.0042082 2.2546125 2.6404193 2.2708740 
Fukomys_damarensis_ENSFDAP00000018576              0.4938344 0.4938344 0.4876753 0.5029795 0.5148199 0.5151063 0.5163487 0.5151063 0.5135562 0.5128504 0.4960527 0.4902104 0.5624086 0.5521822 0.5607192 0.5903268 0.4872541 0.4896376 0.5378637 0.5394050 0.5485996 0.5010986 0.4465757 0.3991158 0.0000000 0.5339840 0.5010986 0.4610883 0.5738406 0.5737323 0.6300039 0.4381645 0.4497809 0.4834104 0.5672655 0.4593872 0.4268256 0.5035537 0.4779144 0.6958518 0.6807284 0.6959408 0.4710453 0.5161977 0.5002596 0.4838472 0.7065352 0.7076008 0.7025401 0.5317780 0.4578941 0.5156911 0.5099420 0.5247347 0.5247347 0.5326572 0.5132507 0.5047462 0.8781738 0.5507278 0.5921672 0.5097903 0.5131589 0.5326951 0.5047462 0.5670667 0.5507278 0.5156911 0.6671453 0.6598947 0.5564742 0.5747690 0.5423921 0.5217967 0.5223393 0.5517945 0.5223393 0.5228017 0.5557110 0.5564742 0.5674143 0.5388770 0.5439674 0.5388770 0.5794959 0.5730680 0.5481180 0.8335028 1.5396992 1.0744000 1.2515777 1.1783880 2.4886922 2.5288158 2.4880616 
Nannospalax_galili_ENSNGAP00000019853              0.3216654 0.3216654 0.3270138 0.3353696 0.3511669 0.3679344 0.3471892 0.3679344 0.3790847 0.3790655 0.3343966 0.3398332 0.3950461 0.4147130 0.4099514 0.4248802 0.3316668 0.2890879 0.3560284 0.3779675 0.3728939 0.2167845 0.4840086 0.3297973 0.5339840 0.0000000 0.2167845 0.3369634 0.5205214 0.3769487 0.4038776 0.3165760 0.4881947 0.2323160 0.5141898 0.2672461 0.3788545 0.4220876 0.2338849 0.3591164 0.3649558 0.4009974 0.3526414 0.3782242 0.2499578 0.3383974 0.3545988 0.3804628 0.3781176 0.3558387 0.3115637 0.3208795 0.3198498 0.3233113 0.3233113 0.3273511 0.3187615 0.3142908 0.6473835 0.3882312 0.4161956 0.3154936 0.3239928 0.3655793 0.3142908 0.4053526 0.3882312 0.3208795 0.4943366 0.5619963 0.3825743 0.3840001 0.3565544 0.3610830 0.3617711 0.4200251 0.3617711 0.3589997 0.3819416 0.3825743 0.3760871 0.3485741 0.3677572 0.3485741 0.3945648 0.3897593 0.3519866 0.6516011 1.4231930 0.9378372 1.1358737 1.0270348 2.2075333 2.5052073 2.3867090 
Cricetulus_griseus_crigri_ENSCGRP00000019384       0.3291859 0.3291859 0.3306008 0.3269272 0.3380413 0.3500413 0.3341530 0.3500413 0.3563785 0.3395804 0.3218262 0.3270873 0.3385830 0.3853876 0.3524021 0.3659403 0.2969019 0.2946728 0.3682436 0.3834104 0.3768348 0.0000010 0.4686195 0.3033979 0.5010986 0.2167845 0.0000000 0.3073967 0.4326509 0.3598894 0.2862677 0.3180632 0.4728417 0.1183207 0.4329995 0.2549895 0.3095488 0.4111955 0.2151760 0.3346205 0.3294642 0.3513092 0.3525568 0.3764531 0.0811882 0.3426314 0.3248370 0.3592374 0.3474510 0.2508145 0.3136548 0.2698910 0.2701155 0.2943903 0.2943903 0.2983033 0.2878904 0.2824878 0.6235715 0.3481178 0.4261210 0.2866355 0.2823436 0.3275182 0.2824878 0.4152718 0.3481178 0.2698910 0.5037796 0.5717797 0.3352351 0.3482584 0.3256523 0.3269238 0.3313529 0.3947006 0.3313529 0.3203178 0.3395497 0.3352351 0.3709996 0.3251390 0.3332626 0.3251390 0.3433069 0.3659887 0.3336976 0.6607510 1.3119914 0.8812904 1.1223531 1.0511587 2.1737015 2.5873843 2.3569693 
Sciurus_vulgaris_ENSSVLP00005028052                0.2077365 0.2077365 0.2124683 0.2068160 0.2568053 0.2363223 0.2574675 0.2363223 0.2459894 0.2336989 0.2419088 0.2371849 0.2575116 0.3064339 0.2650667 0.2806505 0.1821886 0.2142964 0.2558673 0.2644516 0.2166538 0.3073967 0.4475871 0.2908803 0.4610883 0.3369634 0.3073967 0.0000000 0.4637037 0.3712161 0.4510300 0.0918050 0.4516526 0.3162666 0.4576845 0.2236954 0.3062579 0.3400723 0.2463474 0.4644527 0.4606067 0.5374601 0.2382288 0.1447632 0.3410331 0.1175846 0.4710763 0.4583590 0.4886793 0.3717958 0.0801149 0.2019288 0.2020808 0.1903231 0.1903231 0.1954518 0.1962392 0.1781320 0.5612201 0.2637313 0.3216796 0.1959512 0.2151743 0.2368802 0.1781320 0.3603540 0.2637313 0.2019288 0.3847743 0.3881260 0.2700529 0.2558401 0.2532891 0.2515160 0.2420928 0.3111478 0.2420928 0.2270179 0.2693612 0.2651628 0.2391933 0.2464740 0.2368559 0.2464740 0.2748460 0.2390367 0.2525748 0.6253093 1.2594813 0.8671548 1.0236643 0.9698614 2.2035530 2.3860464 2.2013264 
Cavia_porcellus_ENSCPOP00000032306                 0.4990337 0.4990337 0.4987209 0.4980375 0.5016700 0.4982109 0.4977329 0.4982109 0.5012555 0.4866651 0.4830585 0.4772615 0.4924936 0.5265919 0.5198427 0.5240414 0.4256859 0.4184289 0.5074729 0.5160541 0.4527081 0.4326509 0.4867982 0.2950777 0.5738406 0.5205214 0.4326509 0.4637037 0.0000000 0.4951538 0.6195402 0.4847684 0.4841258 0.4552535 0.0038526 0.3815571 0.3419123 0.5291377 0.3972276 0.5590169 0.5607170 0.7015989 0.4940361 0.4807094 0.4611104 0.5130077 0.6009028 0.6164838 0.5867492 0.5033795 0.4677946 0.4344718 0.4324399 0.4189013 0.4189013 0.4315557 0.4374083 0.4354080 0.8995162 0.4432915 0.5668899 0.4375814 0.4782236 0.4471265 0.4354080 0.4737068 0.4432915 0.4344718 0.6320844 0.6074906 0.4577756 0.4495866 0.4756280 0.4547209 0.4495050 0.5485381 0.4495050 0.4446110 0.4621391 0.4577756 0.4493148 0.4661933 0.4407390 0.4661933 0.4719702 0.4419022 0.4733110 0.8647200 1.5020173 1.0961959 1.2760799 1.1824812 2.3613837 2.5106253 2.4377049 
Dipodomys_ordii_ENSDORP00000011659                 0.4276149 0.4276149 0.4333184 0.4281533 0.4405488 0.4539402 0.4418240 0.4539402 0.4657721 0.4507823 0.4227640 0.4284948 0.4510288 0.4640279 0.4654094 0.4551601 0.3760698 0.4085384 0.4582127 0.4424336 0.4410474 0.3598894 0.5383716 0.3629408 0.5737323 0.3769487 0.3598894 0.3712161 0.4951538 0.0000000 0.5363262 0.3619820 0.5424730 0.3567819 0.4889823 0.2782420 0.3814888 0.5221565 0.3145455 0.5412399 0.5412512 0.6001220 0.4032277 0.4242374 0.3929413 0.3994542 0.5735573 0.5918849 0.5543208 0.4649081 0.3639774 0.3958584 0.3905528 0.3970260 0.3970260 0.4039482 0.3875549 0.3821298 0.7573579 0.4313876 0.5127410 0.3894488 0.4014601 0.4427642 0.3821298 0.4971611 0.4313876 0.3958584 0.5866999 0.6111387 0.4746925 0.4699963 0.4518561 0.4537713 0.4426170 0.5402663 0.4426170 0.4381942 0.4732321 0.4746925 0.4315156 0.4427569 0.4420648 0.4427569 0.4752508 0.4344392 0.4551239 0.7882953 1.3794090 0.9905304 1.1603934 1.0734719 2.4069241 2.4846302 2.5127708 
Meriones_unguiculatus_ENSMUGP00000015766           0.4895892 0.4895892 0.4955674 0.4860343 0.4896176 0.4922753 0.4856859 0.4922753 0.5074139 0.4807506 0.4850570 0.4910377 0.5058207 0.5035591 0.4985442 0.5110202 0.4267689 0.4704095 0.5129368 0.5196793 0.5033098 0.2862677 0.6209433 0.4793991 0.6300039 0.4038776 0.2862677 0.4510300 0.6195402 0.5363262 0.0000000 0.4804284 0.6250329 0.3467546 0.6200707 0.4354971 0.4679750 0.5630276 0.3907639 0.4468304 0.4412342 0.4716047 0.5135009 0.5171630 0.2986126 0.4998681 0.4648803 0.4574763 0.4545734 0.3700604 0.4718664 0.4341603 0.4345863 0.4383181 0.4383181 0.4426921 0.4526760 0.4325228 0.7320656 0.4695788 0.5943384 0.4548825 0.4308878 0.4740689 0.4325228 0.5161184 0.4695788 0.4341603 0.6100572 0.6514813 0.4717798 0.5046299 0.4960625 0.4801544 0.4811078 0.5520751 0.4811078 0.4803719 0.4654341 0.4717798 0.4622022 0.4922638 0.4821136 0.4922638 0.4928585 0.4660519 0.4996865 0.7960202 1.5264440 1.0275434 1.1662500 1.1621033 2.1663152 2.5296410 2.4243299 
Urocitellus_parryii_ENSUPAP00010007066             0.2163025 0.2163025 0.2210455 0.2106195 0.2462642 0.2353662 0.2468956 0.2353662 0.2450003 0.2419695 0.2411049 0.2363915 0.2698081 0.3180028 0.2740652 0.2887525 0.2149800 0.2040195 0.2557531 0.2634110 0.2152435 0.3180632 0.4226901 0.2962911 0.4381645 0.3165760 0.3180632 0.0918050 0.4847684 0.3619820 0.4804284 0.0000000 0.4267622 0.3074757 0.4786751 0.2265594 0.3182511 0.3397833 0.2556438 0.4562279 0.4635109 0.5333353 0.2292649 0.0956305 0.3361426 0.0431194 0.4681106 0.4536421 0.4813730 0.3974744 0.0272423 0.2036865 0.2038411 0.2144485 0.2144485 0.2197478 0.2070998 0.1949222 0.6255000 0.2710431 0.3126995 0.2022148 0.2184257 0.2499804 0.1949222 0.3818447 0.2710431 0.2036865 0.3755113 0.3912763 0.2740500 0.2748284 0.2328048 0.2408405 0.2412446 0.2881330 0.2412446 0.2357910 0.2688395 0.2740500 0.2695093 0.2266200 0.2502898 0.2266200 0.2939944 0.2779688 0.2273277 0.6179199 1.2962396 0.8775706 1.0244415 0.9955661 2.1398903 2.3865249 2.1457043 
Heterocephalus_glaber_female_ENSHGLP00000027468    0.4630379 0.4630379 0.4688378 0.4522873 0.4760422 0.4592796 0.4774364 0.4592796 0.4673492 0.4485658 0.4578087 0.4636708 0.5057248 0.5179009 0.5000510 0.5427775 0.4460532 0.4408800 0.5047316 0.4807794 0.5125783 0.4728417 0.0000010 0.3298650 0.4497809 0.4881947 0.4728417 0.4516526 0.4841258 0.5424730 0.6250329 0.4267622 0.0000000 0.4426948 0.4780122 0.4175154 0.3665940 0.5086780 0.4254519 0.5999265 0.6083156 0.6425339 0.5028042 0.4850213 0.4999500 0.4506566 0.6186277 0.6149386 0.6025335 0.5250304 0.4424842 0.4855142 0.4799189 0.4754045 0.4754045 0.4850624 0.4500812 0.4549419 0.8737178 0.4798260 0.5824270 0.4490534 0.4991113 0.5034775 0.4549419 0.5537163 0.4798260 0.4855142 0.6530210 0.5944491 0.4804926 0.4938347 0.4543906 0.4509231 0.4518028 0.5370483 0.4518028 0.4445549 0.4848415 0.4804926 0.4987307 0.4453574 0.4447581 0.4453574 0.4894398 0.5059973 0.4510383 0.8026401 1.5099006 1.1000369 1.3487452 1.2156588 2.4248676 2.6919265 2.3379680 
Microtus_ochrogaster_ENSMOCP00000019788            0.3242452 0.3242452 0.3295087 0.3220224 0.3434847 0.3453829 0.3396064 0.3453829 0.3516953 0.3452320 0.3272367 0.3325065 0.3453561 0.3938233 0.3467046 0.3768995 0.2843252 0.2939455 0.3565652 0.3598107 0.3815879 0.1183207 0.4384990 0.3078147 0.4834104 0.2323160 0.1183207 0.3162666 0.4552535 0.3567819 0.3467546 0.3074757 0.4426948 0.0000000 0.4492675 0.2345994 0.3186881 0.3791043 0.2351656 0.3402252 0.3350263 0.3702173 0.3492701 0.3694804 0.1578805 0.3429954 0.3192218 0.3476385 0.3489348 0.2272716 0.3145083 0.2921319 0.2821929 0.3116409 0.3116409 0.3124938 0.2965813 0.2954731 0.6284470 0.3519451 0.4115178 0.2946102 0.2850824 0.3406161 0.2954731 0.4252306 0.3519451 0.2921319 0.5090110 0.5675102 0.3471482 0.3652300 0.3272196 0.3425425 0.3431743 0.3953985 0.3431743 0.3367804 0.3514664 0.3471482 0.3828716 0.3266991 0.3554202 0.3266991 0.3606994 0.3880724 0.3353302 0.6573599 1.3912021 0.9144531 1.1256591 1.0387225 2.2050749 2.5004199 2.2987134 
Cavia_aperea_ENSCAPP00000008812                    0.4994401 0.4994401 0.4991268 0.4984413 0.5020801 0.4986165 0.4981406 0.4986165 0.5016647 0.4870612 0.4834520 0.4776499 0.4928970 0.5270337 0.5202756 0.5244791 0.4260282 0.4125892 0.5012293 0.5098310 0.4467790 0.4329995 0.4806440 0.2899983 0.5672655 0.5141898 0.4329995 0.4576845 0.0038526 0.4889823 0.6200707 0.4786751 0.4780122 0.4492675 0.0000000 0.3759065 0.3476382 0.5226342 0.3915257 0.5594859 0.5611883 0.6997857 0.4879152 0.4745030 0.4614826 0.5067641 0.6014127 0.6170110 0.5872473 0.5099832 0.4617630 0.4348186 0.4327843 0.4192318 0.4192318 0.4318978 0.4377570 0.4357541 0.8986175 0.4424476 0.5602049 0.4379301 0.4786092 0.4474866 0.4357541 0.4802637 0.4424476 0.4348186 0.6319523 0.6004611 0.4570900 0.4489013 0.4749262 0.4540367 0.4488237 0.5477300 0.4488237 0.4449644 0.4614527 0.4570900 0.4486341 0.4655025 0.4400667 0.4655025 0.4712748 0.4359713 0.4725990 0.8655509 1.5036422 1.0972357 1.2834883 1.1801630 2.3619550 2.5112139 2.4254293 
Castor_canadensis_ENSCCNP00000017901               0.2540470 0.2540470 0.2589696 0.2478554 0.2645331 0.2688049 0.2652231 0.2688049 0.2787864 0.2738559 0.2494311 0.2446464 0.2573329 0.2872032 0.2779378 0.2996043 0.2201375 0.2291463 0.2857068 0.2663370 0.2587593 0.2549895 0.4133956 0.2445785 0.4593872 0.2672461 0.2549895 0.2236954 0.3815571 0.2782420 0.4354971 0.2265594 0.4175154 0.2345994 0.3759065 0.0000000 0.2561995 0.3455871 0.1962781 0.3945683 0.3957996 0.4251456 0.3015102 0.2855526 0.2936564 0.2463937 0.4140064 0.4107067 0.4006392 0.3276295 0.2169714 0.2165664 0.2163462 0.2281694 0.2281694 0.2305269 0.2202407 0.2016073 0.5585496 0.2663707 0.3291279 0.2247519 0.2348062 0.2510481 0.2016073 0.3508022 0.2663707 0.2165664 0.4174360 0.4303583 0.2781013 0.2750465 0.2791294 0.2675022 0.2578157 0.3273671 0.2578157 0.2521329 0.2823743 0.2781013 0.2828364 0.2723245 0.2722009 0.2723245 0.2833392 0.2806460 0.2792511 0.5917335 1.2780437 0.8524128 1.0912734 0.9747492 2.2494277 2.4438804 2.2580528 
Octodon_degus_ENSODEP00000012142                   0.3332063 0.3332063 0.3332063 0.3315704 0.3600207 0.3518590 0.3610208 0.3518590 0.3627051 0.3383273 0.3500662 0.3554716 0.3692205 0.3864907 0.3723595 0.3908222 0.3047875 0.3335050 0.3494730 0.3445390 0.3297467 0.3095488 0.3624420 0.1651787 0.4268256 0.3788545 0.3095488 0.3062579 0.3419123 0.3814888 0.4679750 0.3182511 0.3665940 0.3186881 0.3476382 0.2561995 0.0000000 0.4216353 0.2766379 0.5173224 0.5189067 0.5525474 0.3674178 0.3810864 0.3302232 0.3591141 0.5331529 0.5290615 0.5192278 0.3712804 0.3246389 0.3171536 0.3121438 0.3223236 0.3223236 0.3286521 0.3083020 0.2992949 0.6729306 0.3444507 0.4331349 0.3062690 0.3318169 0.3470097 0.2992949 0.4296656 0.3444507 0.3171536 0.5443310 0.5008842 0.3421790 0.3349794 0.3360584 0.3291652 0.3240505 0.4112382 0.3240505 0.3168791 0.3465592 0.3421790 0.3328326 0.3340624 0.3339762 0.3340624 0.3383045 0.3350600 0.3430565 0.7161099 1.3341493 0.9787927 1.1889004 1.0401801 2.1864270 2.5634338 2.2784454 
Ochotona_princeps_ENSOPRP00000016294               0.3117537 0.3117537 0.3063310 0.3111489 0.3518126 0.3366413 0.3527918 0.3366413 0.3355557 0.3433075 0.3407758 0.3461641 0.3479890 0.3682308 0.3703635 0.3785191 0.2843152 0.2957194 0.3863388 0.4077605 0.3560308 0.4111955 0.5026203 0.3783739 0.5035537 0.4220876 0.4111955 0.3400723 0.5291377 0.5221565 0.5630276 0.3397833 0.5086780 0.3791043 0.5226342 0.3455871 0.4216353 0.0000000 0.3572625 0.5125200 0.5072938 0.5652831 0.3067981 0.3796643 0.4181611 0.3476603 0.5137014 0.4960546 0.5067565 0.4636555 0.3244251 0.3131293 0.3186457 0.3184876 0.3184876 0.3299585 0.3120843 0.3098731 0.6711944 0.3498120 0.3884698 0.3103875 0.3446377 0.3401771 0.3098731 0.4204884 0.3558149 0.3131293 0.5558461 0.5091302 0.3930238 0.3885771 0.3902971 0.3761025 0.3764907 0.4019783 0.3764907 0.3566446 0.3923618 0.3930238 0.3841689 0.3818910 0.3698525 0.3818910 0.3985627 0.3927040 0.3924275 0.6884850 1.3685675 0.9945924 1.0950974 1.1394607 2.3801403 2.3409745 2.3367325 
Jaculus_jaculus_ENSJJAP00000010024                 0.2731077 0.2731077 0.2780702 0.2620257 0.2959832 0.2828289 0.2967663 0.2828289 0.2819329 0.2826936 0.2905442 0.2856332 0.2983877 0.3216018 0.3195330 0.3422870 0.2427818 0.2289713 0.3062822 0.2913552 0.2776383 0.2151760 0.4213089 0.2381052 0.4779144 0.2338849 0.2151760 0.2463474 0.3972276 0.3145455 0.3907639 0.2556438 0.4254519 0.2351656 0.3915257 0.1962781 0.2766379 0.3572625 0.0000000 0.3658714 0.3711901 0.3927593 0.3219995 0.3018687 0.2379519 0.2987400 0.3540085 0.3833750 0.3914048 0.2860512 0.2578162 0.2274234 0.2178708 0.2297538 0.2297538 0.2335201 0.2212103 0.2082138 0.5889090 0.2945853 0.3388420 0.2223390 0.2324571 0.2615584 0.2082138 0.3410242 0.2945853 0.2274234 0.4303106 0.4874678 0.2753959 0.2689706 0.2785136 0.2669395 0.2674024 0.3540857 0.2674024 0.2667204 0.2796354 0.2753959 0.2785537 0.2717417 0.2787395 0.2717417 0.2795167 0.2791190 0.2736419 0.6050186 1.3543122 0.9091390 1.1171890 1.0173446 2.2821942 2.4649139 2.3378574 
