100
Oryctolagus_cuniculus_ENSOCUP00000009241           0.0000000 0.2303592 0.2703873 0.3729210 0.2484378 0.6194436 0.3809095 0.3224466 0.2484378 0.5061102 0.2706974 1.3291592 0.2301355 0.2448085 0.3329972 0.5365111 0.2672254 0.5183886 0.2576828 0.3586491 0.2884039 0.4808753 0.4561281 0.3578831 0.2303592 0.3421347 0.3336555 0.2289436 0.2827986 0.4128864 0.2380593 0.3307032 0.2727184 0.2431904 0.2949408 0.2358938 0.2524478 0.2576828 0.2448085 0.2408652 0.2408652 0.2409646 0.2703873 0.4454402 0.2379068 0.2790269 0.2475905 0.4670411 0.2573583 0.2816486 0.8945755 0.3478370 0.3034565 0.2644292 0.2819808 0.2699949 0.2979649 0.5144707 0.3121841 0.4292367 0.3003485 1.1107573 0.4249966 0.2463090 0.4641867 0.2181951 0.3563116 1.3745379 0.9235927 0.8853884 1.0295438 0.9226246 0.9041590 0.9020897 0.9089114 0.9518620 1.1859679 0.8939889 1.4656409 0.9189139 1.1784098 0.8715536 0.9193828 1.6534262 0.8983101 0.9049137 0.9765913 0.8889069 1.2302745 0.2457532 0.2382948 0.2431439 0.9954128 0.2382948 0.3997633 0.3484346 0.2658502 0.6209541 0.2658502 0.2620882 
Canis_lupus_familiaris_ENSCAFP00000019630          0.2303592 0.0000000 0.1837960 0.3443151 0.1839382 0.4742857 0.3486040 0.2664854 0.1839382 0.4370638 0.2130294 1.2334761 0.1596218 0.0849796 0.2357232 0.4988980 0.1885000 0.3725644 0.1793233 0.3155409 0.2574220 0.4355099 0.4217095 0.3329084 0.0000010 0.2655628 0.3046795 0.2223057 0.1789420 0.4325763 0.0679450 0.2512501 0.2024854 0.0721242 0.1476159 0.0077404 0.1983788 0.1793233 0.0849796 0.0845168 0.0845168 0.1689028 0.1978799 0.4110675 0.1973267 0.1801596 0.1687867 0.4189928 0.2031123 0.1993996 0.8135497 0.2557252 0.2315796 0.1896092 0.2074012 0.1879860 0.2264338 0.4983027 0.3139199 0.4202047 0.2327909 1.0532383 0.4038853 0.2243096 0.3584852 0.1470392 0.3380594 1.3387635 0.8798099 0.8621867 1.0446114 0.9028327 0.9061553 0.8579843 0.8618493 0.9372855 1.1842195 0.8326818 1.5314140 0.8765604 1.1716193 0.8591062 0.8885960 1.7047338 0.8971876 0.8995030 0.9588824 0.8606065 1.2319207 0.1873588 0.1742427 0.1788723 0.9622862 0.1742427 0.3534103 0.2233108 0.1930842 0.5367651 0.1930842 0.2024848 
Delphinapterus_leucas_ENSDLEP00000014868           0.2703873 0.1837960 0.0000000 0.3633145 0.1011898 0.4980972 0.3490890 0.3286405 0.1011898 0.4623725 0.0510873 1.2837576 0.1989639 0.2363512 0.3012521 0.5296870 0.0970105 0.4646353 0.0971530 0.3388950 0.2783032 0.4963334 0.4717568 0.3495824 0.1837960 0.1873426 0.3191044 0.2696946 0.2696733 0.4886603 0.2132109 0.2816591 0.2772686 0.2108839 0.3033343 0.1842726 0.2801330 0.0971530 0.2363512 0.2081210 0.2081210 0.0931286 0.0000010 0.4791992 0.2608126 0.1312758 0.1013903 0.4886231 0.2851762 0.0392999 0.8712396 0.3065822 0.2549054 0.1617048 0.2691500 0.0115700 0.2497007 0.4846665 0.3931541 0.4773524 0.2759177 1.0862608 0.4170130 0.2580371 0.4385219 0.1908140 0.3840393 1.4351292 0.8758677 0.8990324 1.0560379 0.8806541 0.8857547 0.8577018 0.8410450 0.9137934 1.2741871 0.8021104 1.5984439 0.8668731 1.0889523 0.8392565 0.8904285 1.7024402 0.8931755 0.8906776 0.9735469 0.8559498 1.2815036 0.2399819 0.2410629 0.2458982 0.9978240 0.2410629 0.4106107 0.3416659 0.2774086 0.5816414 0.2774086 0.2862800 
Mesocricetus_auratus_ENSMAUP00000019954            0.3729210 0.3443151 0.3633145 0.0000000 0.3626677 0.6759227 0.3295397 0.4212604 0.3626677 0.4599017 0.3765799 1.4062845 0.3230471 0.3018013 0.3954683 0.3665580 0.3632023 0.5879916 0.3638809 0.0811509 0.4235498 0.3730564 0.3687951 0.1577693 0.3443151 0.4602450 0.3307359 0.3296414 0.3873456 0.4051470 0.3271342 0.2376094 0.3436299 0.3280675 0.3707482 0.3484430 0.3286587 0.3638809 0.3018013 0.3192720 0.3192720 0.3524901 0.3633145 0.3635757 0.3345213 0.3708782 0.3603315 0.3773131 0.3339944 0.3738066 0.9222025 0.4202177 0.3896862 0.3622327 0.3777318 0.3574929 0.3880858 0.4985521 0.4356654 0.3584393 0.3762683 1.1778489 0.2813683 0.3665250 0.5112958 0.3116859 0.2495991 1.3533725 0.9673932 0.9246546 1.1010064 0.9571328 0.9690215 1.0060427 0.9673299 0.9909914 1.2450006 0.9548139 1.5945361 0.9436437 1.2805911 0.9342474 0.9930532 1.6801365 0.9467058 0.9590935 1.0245209 0.9660196 1.2830094 0.3408684 0.3414175 0.3467817 1.0655044 0.3414175 0.6035640 0.4233960 0.3572560 0.6905772 0.3572560 0.3636844 
Capra_hircus_ENSCHIP00000023988                    0.2484378 0.1839382 0.1011898 0.3626677 0.0000000 0.5087529 0.3408768 0.2988127 0.0000010 0.4708382 0.1221255 1.2893589 0.1983303 0.2238967 0.3166514 0.5035964 0.0193032 0.4475167 0.0193294 0.3287064 0.2788746 0.4558830 0.4325148 0.3290601 0.1839382 0.0939956 0.3015789 0.2224268 0.2647219 0.4563704 0.1983153 0.2779440 0.2674661 0.1959337 0.2890545 0.1891829 0.2637604 0.0193294 0.2238967 0.2029536 0.2029536 0.0311456 0.1011898 0.4396436 0.2422427 0.1474646 0.0432652 0.4522649 0.2687331 0.1134298 0.8444896 0.2973459 0.2456211 0.1739269 0.2779114 0.1051637 0.2405140 0.4492504 0.3820483 0.4405780 0.2826868 1.0395510 0.4282073 0.2305656 0.3980071 0.1940129 0.3499167 1.4357198 0.8997245 0.8522714 1.0173909 0.8772871 0.8823965 0.8761278 0.8719159 0.9253262 1.2197420 0.8512983 1.5345290 0.8905542 1.1354128 0.8359185 0.9065083 1.6732086 0.8926616 0.9064816 0.9758927 0.8526141 1.2835469 0.2404529 0.2415377 0.2463806 1.0157161 0.2415377 0.3807579 0.3475591 0.2676037 0.5722010 0.2676037 0.2775497 
Sus_scrofa_ENSSSCP00000033805                      0.6194436 0.4742857 0.4980972 0.6759227 0.5087529 0.0000000 0.6976065 0.7612751 0.5087529 0.9115413 0.5044472 1.8421098 0.5660151 0.4937521 0.6798758 0.9162036 0.4926083 0.6212246 0.4825373 0.6759004 0.6415780 0.7839889 0.7774901 0.6576916 0.4742857 0.5139321 0.6461748 0.6539864 0.5950734 0.8230837 0.5171179 0.6315127 0.6178985 0.5081207 0.5457270 0.4892242 0.6292675 0.4825373 0.4937521 0.4964975 0.4964975 0.4864216 0.4980972 0.7744502 0.5888922 0.4115752 0.4939849 0.8011280 0.6365618 0.5131832 1.2255908 0.6241383 0.5879945 0.5307422 0.6005422 0.4970464 0.5800441 0.9369727 0.6851824 0.7679651 0.6293311 1.4408439 0.7108625 0.6507844 0.7581657 0.5294499 0.6981054 1.8408564 1.2895491 1.2493481 1.5031350 1.2890806 1.2734552 1.3069131 1.2808492 1.3118390 1.6705630 1.2811347 2.0071289 1.3257263 1.8567393 1.2601614 1.3061944 1.9685769 1.2865709 1.3398634 1.4818184 1.2590528 1.5835071 0.5553764 0.5662459 0.5732353 1.3771416 0.5662459 0.8143786 0.7102206 0.6102729 0.6839831 0.6102729 0.6165024 
Octodon_degus_ENSODEP00000012142                   0.3809095 0.3486040 0.3490890 0.3295397 0.3408768 0.6976065 0.0000000 0.4084684 0.3408768 0.3411704 0.3418255 1.4091237 0.3465622 0.3368957 0.4162719 0.5508748 0.3359542 0.6513380 0.3308097 0.3089029 0.3647449 0.5176662 0.5157833 0.3180322 0.3486040 0.4351617 0.1649883 0.3173081 0.3315490 0.3935215 0.3333103 0.2761233 0.3424720 0.3354931 0.3887599 0.3552686 0.3542073 0.3308097 0.3368957 0.3193152 0.3193152 0.3235683 0.3490890 0.5173598 0.3051893 0.3418655 0.3407993 0.5274366 0.3596039 0.3451958 0.9885318 0.4267901 0.3592942 0.3458992 0.3515607 0.3534844 0.3577603 0.3657709 0.4436838 0.5315210 0.3738778 1.2065290 0.3703975 0.3585682 0.5384756 0.3112877 0.3779990 1.4630734 1.0021848 0.9480667 1.1791208 0.9841967 0.9828762 0.9663859 0.9759717 1.0255463 1.2397320 0.9552057 1.5304555 1.0157481 1.1741905 0.9439631 0.9983133 1.6778630 0.9311445 1.0028027 1.0561379 0.9410759 1.2866803 0.3422787 0.3373527 0.3373527 1.0504772 0.3373527 0.5128374 0.4096926 0.3559741 0.7037317 0.3559741 0.3668010 
Marmota_marmota_marmota_ENSMMMP00000026221         0.3224466 0.2664854 0.3286405 0.4212604 0.2988127 0.7612751 0.4084684 0.0000000 0.2988127 0.5076510 0.3277961 1.5278681 0.2615831 0.2872293 0.3308166 0.6322405 0.3143045 0.6263740 0.3042096 0.3971315 0.3200496 0.5665462 0.5389827 0.3887193 0.2664854 0.3961422 0.3578459 0.1144734 0.2817042 0.4632467 0.2765980 0.3234247 0.2968007 0.2850001 0.3558803 0.2723743 0.2928747 0.3042096 0.2872293 0.3506964 0.2723640 0.2877762 0.3286405 0.5406589 0.1648631 0.3297962 0.3086648 0.5299730 0.2878587 0.3429498 0.9929044 0.4205437 0.3711186 0.3216837 0.3304189 0.3230143 0.3695569 0.5089114 0.4203514 0.5560076 0.3195522 1.1121520 0.4962512 0.1283084 0.4305873 0.2751705 0.3965004 1.6520402 0.9827774 0.9288172 1.1795831 0.9908234 0.9972366 0.9713137 0.9857144 1.0344574 1.4370422 0.9853331 1.7118343 0.9691578 1.1343616 0.9362021 1.0134637 1.8234087 1.0015186 1.0088243 1.0808739 0.9579099 1.3407892 0.2806600 0.2816366 0.2867381 1.1661540 0.2816366 0.4848349 0.3793580 0.2865176 0.6861595 0.2865176 0.2968092 
Ovis_aries_rambouillet_ENSOARP00020032164          0.2484378 0.1839382 0.1011898 0.3626677 0.0000010 0.5087529 0.3408768 0.2988127 0.0000000 0.4708382 0.1221255 1.2893589 0.1983303 0.2238967 0.3166514 0.5035964 0.0193032 0.4475167 0.0193294 0.3287064 0.2788746 0.4558830 0.4325148 0.3290601 0.1839382 0.0939956 0.3015789 0.2224268 0.2647219 0.4563704 0.1983153 0.2779440 0.2674661 0.1959337 0.2890545 0.1891829 0.2637604 0.0193294 0.2238967 0.2029536 0.2029536 0.0311456 0.1011898 0.4396436 0.2422427 0.1474646 0.0432652 0.4522649 0.2687331 0.1134298 0.8444896 0.2973459 0.2456211 0.1739269 0.2779114 0.1051637 0.2405140 0.4492504 0.3820483 0.4405780 0.2826868 1.0395510 0.4282073 0.2305656 0.3980071 0.1940129 0.3499167 1.4357198 0.8997245 0.8522714 1.0173909 0.8772871 0.8823965 0.8761278 0.8719159 0.9253262 1.2197420 0.8512983 1.5345290 0.8905542 1.1354128 0.8359185 0.9065083 1.6732086 0.8926616 0.9064816 0.9758927 0.8526141 1.2835469 0.2404529 0.2415377 0.2463806 1.0157161 0.2415377 0.3807579 0.3475591 0.2676037 0.5722010 0.2676037 0.2775497 
Cavia_porcellus_ENSCPOP00000032306                 0.5061102 0.4370638 0.4623725 0.4599017 0.4708382 0.9115413 0.3411704 0.5076510 0.4708382 0.0000000 0.4541425 1.5275929 0.4210729 0.4461198 0.5411600 0.6991243 0.4592921 0.8119269 0.4540506 0.4315501 0.5400972 0.5848042 0.5572422 0.4540705 0.4370638 0.5761641 0.2946016 0.4793213 0.4486989 0.5024371 0.4583455 0.3962876 0.4926309 0.4581677 0.5002495 0.4501918 0.4890518 0.4540506 0.4461198 0.4515497 0.4515497 0.4491028 0.4623725 0.5589361 0.4581383 0.4463854 0.4452080 0.6143685 0.4832631 0.4766449 1.0985870 0.4832305 0.4568150 0.4608468 0.4980059 0.4667461 0.4549686 0.4827455 0.5535289 0.5989305 0.5312894 1.2849601 0.5019806 0.5076789 0.6250969 0.4300045 0.5190422 1.5260413 1.0816459 1.0088247 1.2747870 1.1168985 1.1185062 1.1082324 1.1100881 1.1422992 1.4186758 1.0488154 1.7083563 1.0904526 1.2921132 1.0930424 1.1112133 1.7738722 1.1279735 1.1186481 1.1684621 1.1096508 1.3817044 0.5066991 0.5049756 0.5046592 1.1851549 0.5049756 0.6254469 0.5476377 0.5041517 0.9193292 0.5041517 0.5072117 
Balaenoptera_musculus_ENSBMSP00010006480           0.2706974 0.2130294 0.0510873 0.3765799 0.1221255 0.5044472 0.3418255 0.3277961 0.1221255 0.4541425 0.0000000 1.3029058 0.2200177 0.2465610 0.3131371 0.5351915 0.1178973 0.4668279 0.1095038 0.3520124 0.3055591 0.4918781 0.4674790 0.3677214 0.2130294 0.2082885 0.3102788 0.2704554 0.2749039 0.4838689 0.2261384 0.2751729 0.2825699 0.2238730 0.3144609 0.2135862 0.2854909 0.1095038 0.2465610 0.2210256 0.2210256 0.1054718 0.0510873 0.4689266 0.2514969 0.1442155 0.1137700 0.4806175 0.2805831 0.0593537 0.8986128 0.3157431 0.2593975 0.1716923 0.2742093 0.0549857 0.2541771 0.4980958 0.3887153 0.4730395 0.2813285 1.0800764 0.4326912 0.2583949 0.4386138 0.1973010 0.3854645 1.4241639 0.9083934 0.9128171 1.0854312 0.9022044 0.9160380 0.8945817 0.8806963 0.9446404 1.2692556 0.8341363 1.5280064 0.8824777 1.1122161 0.8590268 0.9114408 1.6821797 0.9297469 0.9198192 1.0055920 0.8758210 1.3202157 0.2451019 0.2462095 0.2510614 1.0201092 0.2462095 0.4130837 0.3498293 0.2827113 0.5862094 0.2827113 0.2916003 
Phascolarctos_cinereus_ENSPCIP00000032276          1.3291592 1.2334761 1.2837576 1.4062845 1.2893589 1.8421098 1.4091237 1.5278681 1.2893589 1.5275929 1.3029058 0.0000000 1.2494685 1.1909233 1.3688411 1.6854944 1.2570571 1.6194508 1.2596109 1.3541754 1.3737866 1.4712193 1.4281393 1.4275616 1.2334761 1.4259398 1.3676578 1.3286209 1.2650751 1.4282639 1.2501176 1.4298759 1.2204847 1.2660091 1.3041886 1.2400033 1.2539802 1.2596109 1.1909233 1.3925469 1.2462392 1.2362293 1.2837576 1.4084803 1.2911750 1.2582441 1.2306505 1.4492708 1.2480947 1.2853303 0.3787190 1.3211418 1.3501718 1.3080693 1.2637274 1.2901738 1.3511278 1.5591871 1.4430507 1.4242208 1.4054363 0.7822274 1.4329338 1.3452502 1.4855461 1.2183249 1.4623571 1.9821166 1.3468289 1.2786319 1.4597004 1.3095413 1.3496059 1.3556402 1.3580377 1.3013117 2.0249736 1.2901073 2.1354330 1.3079591 1.1305343 1.3637904 1.3583783 2.6215313 1.3820679 1.3239137 1.3698290 1.3069888 1.7627776 1.2340164 1.2539511 1.2541149 0.6581330 1.2539511 1.6006765 1.3343802 1.2309163 1.7154022 1.2309163 1.2324972 
Otolemur_garnettii_ENSOGAP00000020480              0.2301355 0.1596218 0.1989639 0.3230471 0.1983303 0.5660151 0.3465622 0.2615831 0.1983303 0.4210729 0.2200177 1.2494685 0.0000000 0.1914251 0.2399431 0.5124838 0.2029270 0.4724127 0.2032620 0.2926595 0.2176508 0.4843723 0.4680842 0.2947580 0.1596218 0.2816952 0.2760309 0.1977256 0.2005310 0.4176035 0.1704798 0.2365737 0.1926752 0.1632486 0.2536015 0.1692318 0.1843044 0.2032620 0.1914251 0.1552117 0.1552117 0.1885380 0.1989639 0.4631662 0.2078888 0.2336850 0.1980305 0.4728877 0.1889733 0.2084309 0.8669405 0.2781061 0.2651584 0.2405089 0.2109871 0.1986925 0.2597834 0.4505960 0.3011180 0.4610005 0.1996102 1.0464057 0.3883500 0.2090032 0.3934871 0.1261140 0.2915047 1.3659958 0.9019139 0.8585299 1.0230799 0.8879650 0.9030353 0.8862986 0.8929061 0.9538145 1.2206674 0.8896854 1.5155543 0.9018065 1.1584709 0.8443868 0.9104488 1.8190019 0.8847308 0.8964087 0.9581681 0.8784386 1.1909786 0.1588413 0.1732402 0.1778194 0.9848203 0.1732402 0.4170942 0.2586319 0.1879943 0.5252714 0.1879943 0.1972949 
Panthera_leo_ENSPLOP00000025470                    0.2448085 0.0849796 0.2363512 0.3018013 0.2238967 0.4937521 0.3368957 0.2872293 0.2238967 0.4461198 0.2465610 1.1909233 0.1914251 0.0000000 0.2707664 0.4962730 0.2191915 0.3994510 0.2097934 0.2839556 0.2749010 0.4586274 0.4449424 0.3064056 0.0849796 0.2884506 0.3108336 0.2160013 0.1769145 0.4245139 0.0733756 0.2432547 0.2064858 0.0776310 0.0805789 0.0850685 0.2024802 0.2097934 0.0000010 0.0932510 0.0932510 0.2084721 0.2510270 0.4340301 0.2137223 0.2013140 0.1990687 0.4386749 0.2072756 0.2459764 0.7897551 0.2498694 0.2320821 0.2350676 0.2298793 0.2312323 0.2309969 0.5013569 0.3085771 0.4306330 0.2529053 1.0673334 0.3729263 0.2416832 0.3700518 0.1680356 0.3335022 1.2553902 0.8722289 0.8526934 1.0250590 0.8847531 0.8675045 0.8762320 0.8461076 0.9122152 1.1554578 0.8347338 1.5078252 0.8690169 1.1426253 0.8224135 0.8988730 1.6931636 0.8627130 0.8919498 0.9646366 0.8398457 1.1739568 0.1902005 0.1957588 0.2004852 0.9660973 0.1957588 0.3887838 0.2553272 0.1969693 0.5529987 0.1969693 0.2064854 
Aotus_nancymaae_ENSANAP00000033484                 0.3329972 0.2357232 0.3012521 0.3954683 0.3166514 0.6798758 0.4162719 0.3308166 0.3166514 0.5411600 0.3131371 1.3688411 0.2399431 0.2707664 0.0000000 0.5652360 0.3111466 0.5387092 0.3114706 0.3813774 0.3497572 0.5419615 0.5321870 0.3986698 0.2357232 0.3889359 0.3761729 0.3110117 0.3059326 0.4899148 0.2330800 0.3547964 0.1885518 0.2398826 0.3169803 0.2429138 0.1981720 0.3114706 0.2707664 0.2557142 0.2557142 0.2934502 0.3012521 0.5208078 0.3026029 0.3075474 0.2979590 0.5371106 0.2029415 0.3009479 0.9402040 0.3733471 0.3681272 0.3202350 0.3079918 0.3007833 0.3700226 0.5670816 0.4040133 0.5354875 0.1038908 1.1596074 0.4749660 0.3125312 0.5036611 0.2203597 0.4313879 1.3841354 0.9529244 0.9705311 1.1354243 0.9504229 0.9758291 0.9815871 0.9886092 1.0161972 1.3174697 0.9514299 1.6032149 0.9404796 1.2409893 0.9292469 1.0332913 1.7027710 0.9671924 0.9558488 0.9780321 0.9402634 1.1985524 0.1799260 0.1682665 0.1635780 1.0768520 0.1682665 0.4949567 0.1285062 0.1793099 0.6042563 0.1793099 0.1986475 
Rattus_norvegicus_ENSRNOP00000065206               0.5365111 0.4988980 0.5296870 0.3665580 0.5035964 0.9162036 0.5508748 0.6322405 0.5035964 0.6991243 0.5351915 1.6854944 0.5124838 0.4962730 0.5652360 0.0000000 0.4970521 0.6957383 0.5108638 0.3505239 0.5815966 0.3731767 0.3701009 0.3693740 0.4988980 0.6045285 0.5380449 0.5274560 0.5988822 0.6149986 0.4937728 0.3918454 0.5562820 0.4929837 0.5763527 0.5037871 0.5300421 0.5108638 0.4962730 0.4802011 0.4802011 0.5036578 0.5296870 0.3733148 0.5316834 0.5536241 0.5267396 0.3767537 0.5334544 0.5364444 1.1383271 0.5951870 0.5507136 0.5531677 0.5795693 0.5387980 0.5534877 0.6404683 0.5769034 0.3667624 0.5424884 1.2814136 0.4350624 0.5557251 0.7231285 0.5331809 0.4000911 1.4965520 1.1257069 1.1080436 1.2564632 1.0810516 1.0935715 1.1165280 1.1174423 1.1126149 1.3764260 1.1121854 1.7346914 1.1232672 1.4544298 1.0475409 1.1278091 2.0305388 1.1154985 1.1388121 1.2056503 1.0624925 1.4832084 0.5435297 0.5295489 0.5229453 1.2200901 0.5295489 0.7286522 0.5620574 0.5503479 0.9690623 0.5503479 0.5482496 
Bos_grunniens_ENSBGRP00000005993                   0.2672254 0.1885000 0.0970105 0.3632023 0.0193032 0.4926083 0.3359542 0.3143045 0.0193032 0.4592921 0.1178973 1.2570571 0.2029270 0.2191915 0.3111466 0.4970521 0.0000000 0.4561228 0.0076975 0.3305206 0.2937602 0.4631182 0.4395631 0.3449646 0.1885000 0.0802285 0.3027668 0.2366300 0.2748920 0.4674877 0.2029214 0.2731112 0.2723003 0.2005615 0.2840069 0.1937723 0.2686066 0.0076975 0.2191915 0.2075766 0.2075766 0.0272122 0.0970105 0.4467394 0.2472756 0.1476176 0.0392751 0.4594360 0.2735934 0.1092295 0.8479194 0.2921196 0.2503475 0.1741084 0.2827569 0.1009833 0.2452206 0.4548469 0.3762543 0.4476963 0.2876191 1.0318066 0.4229058 0.2447915 0.3991271 0.1985277 0.3624742 1.4194389 0.8936377 0.8649958 1.0405247 0.8672590 0.8723651 0.8853377 0.8636897 0.9001678 1.2213802 0.8452756 1.5538816 0.8845094 1.1243771 0.8422312 0.8981504 1.6745689 0.8990262 0.9004445 0.9850464 0.8589368 1.2533028 0.2550122 0.2561726 0.2512001 1.0163197 0.2561726 0.3750161 0.3386350 0.2724391 0.5869641 0.2724391 0.2824152 
Ursus_maritimus_ENSUMAP00000004530                 0.5183886 0.3725644 0.4646353 0.5879916 0.4475167 0.6212246 0.6513380 0.6263740 0.4475167 0.8119269 0.4668279 1.6194508 0.4724127 0.3994510 0.5387092 0.6957383 0.4561228 0.0000000 0.4533248 0.5781172 0.5681746 0.6085988 0.6094995 0.5846763 0.3725644 0.4903793 0.5740740 0.5216275 0.5169345 0.7403699 0.3066422 0.5451086 0.5044213 0.3266478 0.4354246 0.3729120 0.4611562 0.4533248 0.3994510 0.3697396 0.3697396 0.4367843 0.4646353 0.6167954 0.5250763 0.4629702 0.4518925 0.5893243 0.4607249 0.4821820 0.9929022 0.4803123 0.5374837 0.4978023 0.5301393 0.4639362 0.5374837 0.7856718 0.5858260 0.6001555 0.5087252 1.1971762 0.6181632 0.5394819 0.6745066 0.4441833 0.5623397 1.3761007 0.9158194 1.0333728 1.1210121 0.9492516 0.9461284 0.9186849 0.9382032 0.9612396 1.4211581 0.9449861 1.5646683 0.9236462 1.5588219 0.8777525 0.9808052 1.7659370 0.9493730 0.9656351 1.0142530 0.9106274 1.4851772 0.4664195 0.4604076 0.4673811 1.0575299 0.4604076 0.6875094 0.5478354 0.4852353 0.6582055 0.4852353 0.4856873 
Bos_taurus_ENSBTAP00000002914                      0.2576828 0.1793233 0.0971530 0.3638809 0.0193294 0.4825373 0.3308097 0.3042096 0.0193294 0.4540506 0.1095038 1.2596109 0.2032620 0.2097934 0.3114706 0.5108638 0.0076975 0.4533248 0.0000000 0.3349828 0.2942704 0.4702246 0.4464542 0.3456013 0.1793233 0.0895575 0.2965900 0.2370239 0.2650018 0.4562328 0.1936567 0.2735854 0.2625955 0.1912535 0.2738449 0.1845412 0.2588764 0.0000010 0.2097934 0.1982807 0.1982807 0.0193909 0.0971530 0.4478440 0.2378650 0.1388548 0.0313459 0.4605756 0.2638369 0.1008929 0.8503138 0.2823068 0.2408515 0.1652331 0.2730332 0.1011318 0.2357629 0.4557415 0.3766482 0.4546668 0.2777234 1.0430735 0.4205190 0.2354688 0.3884311 0.1894473 0.3631660 1.4195935 0.8915991 0.8615367 1.0385121 0.8816694 0.8867761 0.8833179 0.8616595 0.9148687 1.2109231 0.8431971 1.5383957 0.8824740 1.1211703 0.8401940 0.8961347 1.6493461 0.8970288 0.8984304 0.9830134 0.8569143 1.2566877 0.2454790 0.2465907 0.2514528 1.0191325 0.2465907 0.3754054 0.3353547 0.2627319 0.5803994 0.2627319 0.2726517 
Cricetulus_griseus_chok1gshd_ENSCGRP00001027089    0.3586491 0.3155409 0.3388950 0.0811509 0.3287064 0.6759004 0.3089029 0.3971315 0.3287064 0.4315501 0.3520124 1.3541754 0.2926595 0.2839556 0.3813774 0.3505239 0.3305206 0.5781172 0.3349828 0.0000000 0.4058948 0.3467324 0.3339751 0.1182498 0.3155409 0.4248748 0.3028394 0.3114782 0.3803586 0.3718269 0.3087230 0.2148748 0.3415591 0.3100977 0.3641336 0.3196001 0.3237979 0.3349828 0.2839556 0.3010479 0.3010479 0.3238594 0.3388950 0.3288418 0.3006937 0.3699228 0.3369158 0.3585052 0.3290674 0.3470349 0.8986838 0.4173784 0.3557362 0.3774142 0.3572770 0.3432380 0.3542298 0.4715156 0.4284957 0.3242229 0.3558617 1.1491023 0.2504490 0.3361057 0.4942845 0.2963408 0.2164725 1.3633193 0.9725327 0.9059091 1.1279504 0.9570676 0.9689782 0.9871670 0.9640488 0.9892564 1.2322190 0.9611349 1.5748454 0.9606410 1.2668803 0.9444937 0.9770439 1.6965343 0.9394555 0.9752516 1.0295797 0.9462774 1.2457088 0.3306278 0.3311519 0.3325729 1.0695729 0.3311519 0.5805837 0.4010791 0.3520314 0.6714807 0.3520314 0.3583710 
Microcebus_murinus_ENSMICP00000036936              0.2884039 0.2574220 0.2783032 0.4235498 0.2788746 0.6415780 0.3647449 0.3200496 0.2788746 0.5400972 0.3055591 1.3737866 0.2176508 0.2749010 0.3497572 0.5815966 0.2937602 0.5681746 0.2942704 0.4058948 0.0000000 0.5504654 0.5335663 0.3841617 0.2574220 0.3956774 0.3545748 0.2562234 0.2211228 0.4667123 0.2790377 0.3113382 0.2612939 0.2718674 0.3355869 0.2600088 0.2926464 0.2942704 0.2749010 0.2624458 0.2624458 0.2814384 0.2783032 0.5458383 0.2572258 0.2945420 0.2963508 0.5454750 0.2976697 0.3031765 0.8906502 0.3489031 0.3614781 0.3030640 0.2488795 0.2824826 0.3556883 0.5035448 0.4045652 0.5504406 0.2977418 1.0841657 0.4700003 0.2508699 0.4475711 0.2396646 0.3905456 1.4234604 1.0099895 0.9512761 1.0985793 0.9472948 0.9365345 0.9524931 0.9662434 0.9904334 1.3001001 0.9549573 1.6002511 1.0025553 1.2901969 0.8938257 1.0016840 1.8503371 0.9544840 0.9942658 1.0642032 0.9395357 1.3280789 0.2211675 0.2328552 0.2376710 0.9968084 0.2328552 0.4357272 0.3547813 0.2658810 0.6346182 0.2658810 0.2808081 
Mus_spretus_MGP_SPRETEiJ_P0091280                  0.4808753 0.4355099 0.4963334 0.3730564 0.4558830 0.7839889 0.5176662 0.5665462 0.4558830 0.5848042 0.4918781 1.4712193 0.4843723 0.4586274 0.5419615 0.3731767 0.4631182 0.6085988 0.4702246 0.3467324 0.5504654 0.0000000 0.0349343 0.3481734 0.4355099 0.5363618 0.4813465 0.4753600 0.5253143 0.5682006 0.4407390 0.3904684 0.5053268 0.4473607 0.5075915 0.4428987 0.4976821 0.4702246 0.4586274 0.4519442 0.4519442 0.4574646 0.4963334 0.0389531 0.4827495 0.5164768 0.4817448 0.1092592 0.4986107 0.5091133 0.9870033 0.5705955 0.4743210 0.4909882 0.4955026 0.5050744 0.4767842 0.6005124 0.5214503 0.0714559 0.5147534 1.2226478 0.4267731 0.4953055 0.6192086 0.4508927 0.3772180 1.3620406 1.0748565 0.9927828 1.2515375 1.0522642 1.0640738 1.1069309 1.1145351 1.1153214 1.3180790 1.0153356 1.6703302 1.0705198 1.3596854 1.0281577 1.1204523 1.8821878 1.0626188 1.0555448 1.0905665 1.0462252 1.2971745 0.4724181 0.4769067 0.4766065 1.1051127 0.4769067 0.6602708 0.5502450 0.5054885 0.8701970 0.5054885 0.5137408 
Mus_musculus_ENSMUSP00000034588                    0.4561281 0.4217095 0.4717568 0.3687951 0.4325148 0.7774901 0.5157833 0.5389827 0.4325148 0.5572422 0.4674790 1.4281393 0.4680842 0.4449424 0.5321870 0.3701009 0.4395631 0.6094995 0.4464542 0.3339751 0.5335663 0.0349343 0.0000000 0.3395179 0.4217095 0.5232081 0.4691544 0.4501049 0.4966785 0.5550161 0.4269333 0.3650701 0.4961084 0.4334529 0.4850266 0.4289742 0.4885570 0.4464542 0.4449424 0.4379868 0.4379868 0.4340391 0.4717568 0.0152811 0.4584231 0.4917011 0.4577304 0.0960164 0.4894654 0.4841960 0.9601979 0.5359038 0.4596036 0.4665299 0.4700175 0.4804315 0.4619907 0.5979253 0.5273014 0.0467040 0.5053317 1.1852946 0.4043960 0.4694425 0.6165170 0.4352074 0.3583428 1.3348372 1.0843387 0.9741309 1.2086221 1.0200167 1.0317662 1.0739846 1.0777592 1.0819503 1.2790807 1.0321601 1.6512903 1.0799753 1.3669848 1.0121596 1.0900912 1.9058410 1.0499458 1.0649133 1.1000953 1.0337045 1.2782791 0.4634809 0.4679224 0.4676296 1.0837662 0.4679224 0.6423651 0.5457208 0.4962706 0.8441016 0.4962706 0.5044351 
Microtus_ochrogaster_ENSMOCP00000019788            0.3578831 0.3329084 0.3495824 0.1577693 0.3290601 0.6576916 0.3180322 0.3887193 0.3290601 0.4540705 0.3677214 1.4275616 0.2947580 0.3064056 0.3986698 0.3693740 0.3449646 0.5846763 0.3456013 0.1182498 0.3841617 0.3481734 0.3395179 0.0000000 0.3329084 0.4255400 0.3072676 0.3000703 0.3783472 0.3672342 0.3165540 0.2348164 0.3511001 0.3186535 0.3796816 0.3338394 0.3330802 0.3456013 0.3064056 0.3139932 0.3139932 0.3391856 0.3495824 0.3343430 0.3088443 0.3906708 0.3578926 0.3469191 0.3383588 0.3631765 0.9177757 0.4325075 0.3622530 0.3919590 0.3464063 0.3539127 0.3607277 0.4415181 0.3981984 0.3185869 0.3560847 1.1288305 0.2269843 0.3355745 0.5006183 0.2864566 0.2319907 1.3636386 1.0054321 0.9181778 1.1605107 0.9642890 0.9761165 0.9759850 0.9681145 0.9903826 1.2756647 0.9566269 1.5465643 1.0014465 1.2063482 0.9266045 0.9943706 1.6964263 0.9370505 0.9983803 1.0473691 0.9335187 1.2715015 0.3295706 0.3300914 0.3353622 1.0415226 0.3300914 0.5841097 0.4138554 0.3512573 0.6701892 0.3512573 0.3575823 
Canis_lupus_dingo_ENSCAFP00020002685               0.2303592 0.0000010 0.1837960 0.3443151 0.1839382 0.4742857 0.3486040 0.2664854 0.1839382 0.4370638 0.2130294 1.2334761 0.1596218 0.0849796 0.2357232 0.4988980 0.1885000 0.3725644 0.1793233 0.3155409 0.2574220 0.4355099 0.4217095 0.3329084 0.0000000 0.2655628 0.3046795 0.2223057 0.1789420 0.4325763 0.0679450 0.2512501 0.2024854 0.0721242 0.1476159 0.0077404 0.1983788 0.1793233 0.0849796 0.0845168 0.0845168 0.1689028 0.1978799 0.4110675 0.1973267 0.1801596 0.1687867 0.4189928 0.2031123 0.1993996 0.8135497 0.2557252 0.2315796 0.1896092 0.2074012 0.1879860 0.2264338 0.4983027 0.3139199 0.4202047 0.2327909 1.0532383 0.4038853 0.2243096 0.3584852 0.1470392 0.3380594 1.3387635 0.8798099 0.8621867 1.0446114 0.9028327 0.9061553 0.8579843 0.8618493 0.9372855 1.1842195 0.8326818 1.5314140 0.8765604 1.1716193 0.8591062 0.8885960 1.7047338 0.8971876 0.8995030 0.9588824 0.8606065 1.2319207 0.1873588 0.1742427 0.1788723 0.9622862 0.1742427 0.3534103 0.2233108 0.1930842 0.5367651 0.1930842 0.2024848 
Bison_bison_bison_ENSBBBP00000016449               0.3421347 0.2655628 0.1873426 0.4602450 0.0939956 0.5139321 0.4351617 0.3961422 0.0939956 0.5761641 0.2082885 1.4259398 0.2816952 0.2884506 0.3889359 0.6045285 0.0802285 0.4903793 0.0895575 0.4248748 0.3956774 0.5363618 0.5232081 0.4255400 0.2655628 0.0000000 0.3902384 0.3082124 0.3383131 0.5722506 0.2780660 0.3806324 0.3478760 0.2756290 0.2869033 0.2717834 0.3382612 0.0895575 0.2884506 0.2832555 0.2832555 0.0992591 0.1873426 0.5245811 0.3268612 0.2406730 0.1184308 0.5299009 0.3404416 0.2015444 0.9584456 0.3826838 0.3373843 0.2605130 0.3725830 0.1878026 0.3313984 0.5576843 0.4169034 0.5258900 0.3655182 1.1121167 0.5048462 0.3207165 0.5246014 0.2810787 0.4533167 1.4634360 0.9632191 0.9557336 1.1817566 0.9539829 0.9638780 0.9582600 0.9437460 0.9794105 1.2727183 0.9144532 1.6232073 0.9550833 1.2445058 0.9227986 0.9897286 1.7030988 0.9790825 0.9709143 1.0517803 0.9398449 1.3056018 0.3270428 0.3289273 0.3232571 1.1033964 0.3289273 0.4795294 0.3983198 0.3422476 0.5611708 0.3422476 0.3535830 
Chinchilla_lanigera_ENSCLAP00000016837             0.3336555 0.3046795 0.3191044 0.3307359 0.3015789 0.6461748 0.1649883 0.3578459 0.3015789 0.2946016 0.3102788 1.3676578 0.2760309 0.3108336 0.3761729 0.5380449 0.3027668 0.5740740 0.2965900 0.3028394 0.3545748 0.4813465 0.4691544 0.3072676 0.3046795 0.3902384 0.0000000 0.2901837 0.3093858 0.3747252 0.3050489 0.2377675 0.3375596 0.3109456 0.3598230 0.3108435 0.3336268 0.2965900 0.3108336 0.2998236 0.2998236 0.2906202 0.3191044 0.4705773 0.2847490 0.3027480 0.3061062 0.4733835 0.3388659 0.3151878 0.9406564 0.3772952 0.3329912 0.3255780 0.3152252 0.3233608 0.3315749 0.3292409 0.3957426 0.4782363 0.3397917 1.1551323 0.3448251 0.3186350 0.4735135 0.2735300 0.3291667 1.3956859 0.9227884 0.9285445 1.1337397 0.9453088 0.9418596 0.9223677 0.9388015 1.0040519 1.2038469 0.9024530 1.5553925 0.9367154 1.1450897 0.8969822 0.9725089 1.7524680 0.8894649 0.9426238 0.9841953 0.8876879 1.2968134 0.3228134 0.3129456 0.3142777 1.0109034 0.3129456 0.4880187 0.3693116 0.3300698 0.6528885 0.3300698 0.3405248 
Urocitellus_parryii_ENSUPAP00010007066             0.2289436 0.2223057 0.2696946 0.3296414 0.2224268 0.6539864 0.3173081 0.1144734 0.2224268 0.4793213 0.2704554 1.3286209 0.1977256 0.2160013 0.3110117 0.5274560 0.2366300 0.5216275 0.2370239 0.3114782 0.2562234 0.4753600 0.4501049 0.3000703 0.2223057 0.3082124 0.2901837 0.0000000 0.2074465 0.3667700 0.2148305 0.2539117 0.2471038 0.2198464 0.2759479 0.2277248 0.2462471 0.2370239 0.2160013 0.2025897 0.2025897 0.2315969 0.2696946 0.4574209 0.0917632 0.2736282 0.2460711 0.4474869 0.2415166 0.2895959 0.8744953 0.3810247 0.2759170 0.2691045 0.2488423 0.2644992 0.2705937 0.4204002 0.3401552 0.4620124 0.2744670 1.0154347 0.3919120 0.0431071 0.3693309 0.2192626 0.3075242 1.3473083 0.9258587 0.8318022 1.0711635 0.8514136 0.8576645 0.8433339 0.8566248 0.9115200 1.2784978 0.8906862 1.4947338 0.9128632 1.1236812 0.8043765 0.8784642 1.6509078 0.8635131 0.9418758 0.9832476 0.8271085 1.2096209 0.2156129 0.2213301 0.2260912 0.9863575 0.2213301 0.3971580 0.3380510 0.2404661 0.5949906 0.2404661 0.2501376 
Prolemur_simus_ENSPSMP00000000253                  0.2827986 0.1789420 0.2696733 0.3873456 0.2647219 0.5950734 0.3315490 0.2817042 0.2647219 0.4486989 0.2749039 1.2650751 0.2005310 0.1769145 0.3059326 0.5988822 0.2748920 0.5169345 0.2650018 0.3803586 0.2211228 0.5253143 0.4966785 0.3783472 0.1789420 0.3383131 0.3093858 0.2074465 0.0000000 0.4667797 0.1897340 0.2834706 0.2332409 0.1946689 0.2473652 0.1887467 0.2350073 0.2650018 0.1769145 0.1924010 0.1924010 0.2526907 0.2827701 0.4982259 0.2083686 0.2236870 0.2433466 0.4900437 0.2301944 0.2795962 0.8232245 0.3341109 0.2816827 0.2599342 0.1570385 0.2643490 0.2761272 0.5049923 0.3616431 0.4947521 0.2759570 1.0489846 0.4398291 0.2327648 0.4109965 0.2036879 0.3731909 1.3492314 0.8612320 0.8585338 1.0462332 0.7913934 0.8218328 0.8293252 0.8356545 0.8499494 1.1727670 0.8436689 1.4925721 0.8623431 1.1590545 0.7923585 0.8722519 1.7090455 0.8602045 0.8616645 0.9129269 0.8182429 1.1414074 0.2126294 0.2184456 0.2233008 0.9325242 0.2184456 0.3905307 0.2979753 0.2234739 0.5604855 0.2234739 0.2332425 
Dipodomys_ordii_ENSDORP00000011659                 0.4128864 0.4325763 0.4886603 0.4051470 0.4563704 0.8230837 0.3935215 0.4632467 0.4563704 0.5024371 0.4838689 1.4282639 0.4176035 0.4245139 0.4899148 0.6149986 0.4674877 0.7403699 0.4562328 0.3718269 0.4667123 0.5682006 0.5550161 0.3672342 0.4325763 0.5722506 0.3747252 0.3667700 0.4667797 0.0000000 0.4260199 0.3259008 0.4628147 0.4239303 0.4829473 0.4398860 0.4346528 0.4562328 0.4245139 0.4178148 0.4178148 0.4517635 0.5029635 0.5550355 0.3827322 0.4479839 0.4556653 0.6061577 0.4404063 0.4892356 1.0397000 0.4860917 0.4497998 0.4480673 0.4644701 0.4871467 0.4479963 0.5561446 0.5484700 0.5876247 0.4730359 1.1951754 0.4777787 0.4047521 0.5839887 0.3848376 0.3889844 1.3974299 1.1490803 1.0433809 1.1735361 1.0728915 1.0861652 1.0984135 1.1100727 1.1093471 1.4449136 1.1541728 1.5034088 1.1381959 1.3577132 1.0656661 1.1138860 1.8661599 1.0688249 1.1355545 1.1751686 1.0443715 1.3343407 0.4474767 0.4394903 0.4452152 1.1332981 0.4394903 0.6399286 0.5052331 0.4659637 0.8071678 0.4659637 0.4778439 
Ursus_americanus_ENSUAMP00000025573                0.2380593 0.0679450 0.2132109 0.3271342 0.1983153 0.5171179 0.3333103 0.2765980 0.1983153 0.4583455 0.2261384 1.2501176 0.1704798 0.0733756 0.2330800 0.4937728 0.2029214 0.3066422 0.1936567 0.3087230 0.2790377 0.4407390 0.4269333 0.3165540 0.0679450 0.2780660 0.3050489 0.2148305 0.1897340 0.4260199 0.0000000 0.2445203 0.1972434 0.0115779 0.1389315 0.0680172 0.1839500 0.1936567 0.0733756 0.0591991 0.0591991 0.1830417 0.2275897 0.4163075 0.2079432 0.2164025 0.1829172 0.4252637 0.1886315 0.2226340 0.8189379 0.2549981 0.2382022 0.2338880 0.2102150 0.2082320 0.2437934 0.4728641 0.3057809 0.4128859 0.2280930 1.0510482 0.3895578 0.2267830 0.3978568 0.1476567 0.3283277 1.3238331 0.8702712 0.8747091 1.0296540 0.9110497 0.8977196 0.8898798 0.8898194 0.9638750 1.1629672 0.8453635 1.4886199 0.8670671 1.1688859 0.8507498 0.9279038 1.6905105 0.8899329 0.8928820 0.9399554 0.8622299 1.2296892 0.1767649 0.1729552 0.1775530 0.9472462 0.1729552 0.3786301 0.2246561 0.1878997 0.5637609 0.1878997 0.1972424 
Jaculus_jaculus_ENSJJAP00000010024                 0.3307032 0.2512501 0.2816591 0.2376094 0.2779440 0.6315127 0.2761233 0.3234247 0.2779440 0.3962876 0.2751729 1.4298759 0.2365737 0.2432547 0.3547964 0.3918454 0.2731112 0.5451086 0.2735854 0.2148748 0.3113382 0.3904684 0.3650701 0.2348164 0.2512501 0.3806324 0.2377675 0.2539117 0.2834706 0.3259008 0.2445203 0.0000000 0.2830922 0.2432669 0.2865445 0.2551354 0.2909281 0.2735854 0.2432547 0.2238627 0.2238627 0.2728902 0.2816591 0.3703705 0.2445276 0.2854551 0.2850130 0.3824804 0.2860221 0.2857970 0.9323819 0.3318209 0.3044900 0.2868087 0.3063537 0.2859180 0.3031430 0.4243427 0.3733453 0.3532497 0.3152061 1.1510606 0.2855495 0.2973690 0.4221869 0.2449455 0.2335589 1.3370165 0.9853557 0.9327472 1.1862321 0.9829796 0.9893599 0.9519071 0.9381023 1.0384353 1.2479787 0.9458094 1.5956352 0.9872867 1.2418770 0.9165976 0.9472553 1.8355360 0.9407710 1.0024840 1.1081175 0.9196225 1.2670632 0.2683449 0.2735179 0.2784760 1.0424353 0.2735179 0.5041859 0.3385310 0.2832334 0.6086377 0.2832334 0.2823480 
Chlorocebus_sabaeus_ENSCSAP00000015337             0.2727184 0.2024854 0.2772686 0.3436299 0.2674661 0.6178985 0.3424720 0.2968007 0.2674661 0.4926309 0.2825699 1.2204847 0.1926752 0.2064858 0.1885518 0.5562820 0.2723003 0.5044213 0.2625955 0.3415591 0.2612939 0.5053268 0.4961084 0.3511001 0.2024854 0.3478760 0.3375596 0.2471038 0.2332409 0.4628147 0.1972434 0.2830922 0.0000000 0.1948638 0.2345606 0.2078541 0.0433994 0.2625955 0.2064858 0.2080090 0.2080090 0.2460354 0.2772686 0.4851639 0.2388220 0.2779512 0.2523174 0.4965906 0.0474201 0.2824881 0.8460489 0.3434376 0.2951417 0.2561702 0.2577708 0.2768617 0.2966203 0.4549249 0.3489086 0.4813885 0.1740444 1.0859900 0.3838580 0.2530985 0.4428212 0.1690569 0.3760989 1.2872647 0.8976164 0.8446147 1.0087741 0.8688947 0.8838992 0.8780885 0.8846912 0.9172426 1.1880805 0.8841092 1.5038216 0.8844581 1.1462261 0.8355553 0.9151157 1.7253956 0.8676087 0.8754908 0.9428195 0.8591047 1.2226360 0.0681210 0.0593626 0.0634136 0.9811626 0.0593626 0.4136959 0.1905880 0.0154635 0.3482254 0.0154635 0.0312267 
Ailuropoda_melanoleuca_ENSAMEP00000035554          0.2431904 0.0721242 0.2108839 0.3280675 0.1959337 0.5081207 0.3354931 0.2850001 0.1959337 0.4581677 0.2238730 1.2660091 0.1632486 0.0776310 0.2398826 0.4929837 0.2005615 0.3266478 0.1912535 0.3100977 0.2718674 0.4473607 0.4334529 0.3186535 0.0721242 0.2756290 0.3109456 0.2198464 0.1946689 0.4239303 0.0115779 0.2432669 0.1948638 0.0000000 0.1390360 0.0722005 0.1861573 0.1912535 0.0776310 0.0552080 0.0552080 0.1806044 0.2253228 0.4227750 0.2082535 0.2140661 0.1804804 0.4315747 0.1908733 0.2203464 0.8302945 0.2569624 0.2385819 0.2316355 0.2152941 0.2058866 0.2441850 0.4739560 0.3074497 0.4193495 0.2207530 1.0580188 0.3958586 0.2319049 0.3876448 0.1478614 0.3316506 1.3174217 0.8686981 0.8703423 1.0250584 0.9058999 0.8926100 0.8847571 0.8847066 0.9586523 1.1563169 0.8444135 1.5175709 0.8661368 1.1787550 0.8456853 0.9208843 1.7023002 0.8830753 0.8919635 0.9466770 0.8649590 1.2333718 0.1696213 0.1750637 0.1796963 0.9587333 0.1750637 0.3793401 0.2234907 0.1901269 0.5582488 0.1901269 0.1995381 
Felis_catus_ENSFCAP00000016102                     0.2949408 0.1476159 0.3033343 0.3707482 0.2890545 0.5457270 0.3887599 0.3558803 0.2890545 0.5002495 0.3144609 1.3041886 0.2536015 0.0805789 0.3169803 0.5763527 0.2840069 0.4354246 0.2738449 0.3641336 0.3355869 0.5075915 0.4850266 0.3796816 0.1476159 0.2869033 0.3598230 0.2759479 0.2473652 0.4829473 0.1389315 0.2865445 0.2345606 0.1390360 0.0000000 0.1477696 0.2360090 0.2738449 0.0805789 0.1508271 0.1508271 0.2670954 0.3744789 0.4745253 0.2619099 0.2620177 0.2618767 0.4737432 0.2410604 0.3137216 0.8895023 0.3166665 0.2954603 0.2842899 0.2922577 0.3015339 0.2941102 0.5583311 0.3292558 0.4710391 0.2980687 1.1344796 0.4202364 0.3042936 0.4734178 0.2210808 0.3902563 1.3357553 0.9652434 0.9237630 1.0852911 0.9331853 0.9183871 0.9306782 0.9102990 0.9756116 1.2786035 0.8948256 1.6036530 0.9522951 1.4815648 0.8879084 0.9727878 1.7414642 0.9155171 0.9526635 1.0252498 0.8962322 1.2901363 0.2254858 0.2367075 0.2417489 1.0744217 0.2367075 0.4584762 0.2834801 0.2300571 0.6686821 0.2300571 0.2400882 
Vulpes_vulpes_ENSVVUP00000034996                   0.2358938 0.0077404 0.1842726 0.3484430 0.1891829 0.4892242 0.3552686 0.2723743 0.1891829 0.4501918 0.2135862 1.2400033 0.1692318 0.0850685 0.2429138 0.5037871 0.1937723 0.3729120 0.1845412 0.3196001 0.2600088 0.4428987 0.4289742 0.3338394 0.0077404 0.2717834 0.3108435 0.2277248 0.1887467 0.4398860 0.0680172 0.2551354 0.2078541 0.0722005 0.1477696 0.0000000 0.2037383 0.1845412 0.0850685 0.0762996 0.0762996 0.1740255 0.1983930 0.4182661 0.2025558 0.1900719 0.1784867 0.4234391 0.2085016 0.1999207 0.8277907 0.2559558 0.2353939 0.1949096 0.2038516 0.1884715 0.2302387 0.5084197 0.3253824 0.4246349 0.2398922 1.0590603 0.4082341 0.2297796 0.3707002 0.1519308 0.3422261 1.3524207 0.8904130 0.8699118 1.0322833 0.9057668 0.9090880 0.8607742 0.8646449 0.9403243 1.1643796 0.8430495 1.5376221 0.8870971 1.1716193 0.8618979 0.8914807 1.7088236 0.9000823 0.9101513 0.9701093 0.8633934 1.2175907 0.1926102 0.1794329 0.1840914 0.9700402 0.1794329 0.3656116 0.2303194 0.1983931 0.5467129 0.1983931 0.2078538 
Rhinopithecus_roxellana_ENSRROP00000041818         0.2524478 0.1983788 0.2801330 0.3286587 0.2637604 0.6292675 0.3542073 0.2928747 0.2637604 0.4890518 0.2854909 1.2539802 0.1843044 0.2024802 0.1981720 0.5300421 0.2686066 0.4611562 0.2588764 0.3237979 0.2926464 0.4976821 0.4885570 0.3330802 0.1983788 0.3382612 0.3336268 0.2462471 0.2350073 0.4346528 0.1839500 0.2909281 0.0433994 0.1861573 0.2360090 0.2037383 0.0000000 0.2588764 0.2024802 0.1910937 0.1910937 0.2423007 0.2801330 0.4776772 0.2470668 0.2855496 0.2475007 0.4836296 0.0038710 0.2817149 0.8375882 0.3228033 0.3055402 0.2871449 0.2403529 0.2797175 0.3070884 0.4642150 0.3463638 0.4688371 0.1852689 1.0977059 0.3881594 0.2542262 0.4524456 0.1617266 0.3313961 1.2533174 0.8637812 0.8335306 0.9904210 0.8434015 0.8583212 0.8592674 0.8658361 0.8912878 1.1263516 0.8550509 1.4443077 0.8521134 1.1169622 0.8171741 0.9039384 1.6197143 0.8552280 0.8477055 0.9110403 0.8422935 1.1963211 0.0893984 0.0679431 0.0720468 0.9475055 0.0679431 0.4400815 0.2031044 0.0274463 0.3578528 0.0274463 0.0353884 
Bos_indicus_hybrid_ENSBIXP00005041040              0.2576828 0.1793233 0.0971530 0.3638809 0.0193294 0.4825373 0.3308097 0.3042096 0.0193294 0.4540506 0.1095038 1.2596109 0.2032620 0.2097934 0.3114706 0.5108638 0.0076975 0.4533248 0.0000010 0.3349828 0.2942704 0.4702246 0.4464542 0.3456013 0.1793233 0.0895575 0.2965900 0.2370239 0.2650018 0.4562328 0.1936567 0.2735854 0.2625955 0.1912535 0.2738449 0.1845412 0.2588764 0.0000000 0.2097934 0.1982807 0.1982807 0.0193909 0.0971530 0.4478440 0.2378650 0.1388548 0.0313459 0.4605756 0.2638369 0.1008929 0.8503138 0.2823068 0.2408515 0.1652331 0.2730332 0.1011318 0.2357629 0.4557415 0.3766482 0.4546668 0.2777234 1.0430735 0.4205190 0.2354688 0.3884311 0.1894473 0.3631660 1.4195935 0.8915991 0.8615367 1.0385121 0.8816694 0.8867761 0.8833179 0.8616595 0.9148687 1.2109231 0.8431971 1.5383957 0.8824740 1.1211703 0.8401940 0.8961347 1.6493461 0.8970288 0.8984304 0.9830134 0.8569143 1.2566877 0.2454790 0.2465907 0.2514528 1.0191325 0.2465907 0.3754054 0.3353547 0.2627319 0.5803994 0.2627319 0.2726517 
