104
Oryctolagus_cuniculus_ENSOCUP00000009241           0.0000000 0.2219980 0.2752944 0.3658309 0.2532419 0.5755625 0.3665560 0.2991490 0.2532419 0.4925812 0.2756047 1.3004862 0.2301170 0.2361376 0.3209160 0.5262315 0.2720798 0.6292418 0.2625105 0.3518089 0.2907494 0.4717867 0.4475261 0.3485365 0.2219980 0.3279822 0.3265124 0.2289244 0.2831136 0.4022063 0.2295754 0.3214143 0.2726911 0.2345874 0.2830612 0.2273954 0.2524237 0.2625105 0.2361376 0.2274694 0.2274694 0.2457111 0.2752944 0.4370038 0.2378866 0.2839383 0.2523799 0.4582523 0.2573330 0.2866055 0.8896640 0.3477912 0.3034254 0.2644061 0.2819532 0.2748929 0.2979346 0.5012648 0.3061975 0.4210962 0.3003133 1.1104899 0.4161264 0.2462871 0.4641050 0.2181778 0.3518664 1.3211084 0.8929005 0.8853246 1.0327707 0.9259828 0.9076079 0.9055224 0.9123114 0.9550900 1.2557628 0.8975182 1.4762681 0.8883550 1.0940127 0.8750275 0.9226549 1.7175348 0.9017541 0.8752396 0.9387733 0.8923542 1.2186897 0.2457312 0.2382744 0.2431226 0.9951682 0.2382744 0.2382744 0.3950773 0.3325248 0.2658239 0.6227655 0.2658239 0.2620630 0.2658239 0.2658239 0.2382744 
Canis_lupus_familiaris_ENSCAFP00000019630          0.2219980 0.0000000 0.1763580 0.3213975 0.1764963 0.4421239 0.3216499 0.2392946 0.1764963 0.4178090 0.2049875 1.1829291 0.1527139 0.0849773 0.2211744 0.4748538 0.1809720 0.5016036 0.1719688 0.2938721 0.2505925 0.4217929 0.4067879 0.3110469 0.0000010 0.2576905 0.2933836 0.2142035 0.1777058 0.3960301 0.0679435 0.2294178 0.1980398 0.0721224 0.1413289 0.0077404 0.1940114 0.1719688 0.0849773 0.0845147 0.0845147 0.1617938 0.1763580 0.3965013 0.1901421 0.1757515 0.1616835 0.4040293 0.1986387 0.1916079 0.8037576 0.2466568 0.2333928 0.1824711 0.1999712 0.1804849 0.2283049 0.4739933 0.3178432 0.4052615 0.2276295 1.0507958 0.3910952 0.2161107 0.3579202 0.1361548 0.3226481 1.2691762 0.8601080 0.8694497 1.0278520 0.9036745 0.9086977 0.8632920 0.8648977 0.9376475 1.2641634 0.8381409 1.5185533 0.8570011 1.0295867 0.8622398 0.8895944 1.7413572 0.9020488 0.8725328 0.9281984 0.8658683 1.2099112 0.1798821 0.1669936 0.1715322 0.9623986 0.1669936 0.1669936 0.3539725 0.2235052 0.1888491 0.5152061 0.1888491 0.1980387 0.1888491 0.1888491 0.1669936 
Delphinapterus_leucas_ENSDLEP00000014868           0.2752944 0.1763580 0.0000000 0.3586512 0.1011864 0.4777239 0.3413924 0.3091506 0.1011864 0.4565005 0.0510865 1.2551163 0.2036548 0.2277526 0.2957819 0.5227054 0.0970073 0.5696538 0.0971498 0.3345161 0.2829237 0.4899912 0.4657447 0.3463772 0.1763580 0.1732240 0.3150339 0.2736022 0.2703432 0.4732870 0.2051518 0.2749117 0.2822249 0.2028286 0.2852137 0.1768067 0.2851421 0.0971498 0.2277526 0.2048171 0.2048171 0.0931255 0.0000010 0.4730952 0.2647421 0.1312691 0.1013867 0.4823609 0.2902000 0.0392993 0.8795654 0.3106817 0.2597998 0.1661764 0.2735612 0.0115700 0.2545737 0.4790833 0.3920490 0.4712747 0.2800835 1.1017226 0.4117341 0.2619358 0.4384432 0.1954201 0.3816959 1.3911684 0.8554937 0.9125920 1.0636711 0.8883167 0.8933925 0.8652551 0.8486174 0.9214616 1.3869994 0.8097644 1.6038597 0.8467775 1.0037724 0.8468493 0.8979981 1.7517129 0.9007502 0.8701934 0.9464507 0.8635051 1.2920255 0.2447747 0.2458801 0.2507296 1.0117890 0.2458801 0.2458801 0.4177081 0.3313875 0.2823657 0.6309931 0.2823657 0.2912518 0.2823657 0.2823657 0.2458801 
Mesocricetus_auratus_ENSMAUP00000019954            0.3658309 0.3213975 0.3586512 0.0000000 0.3580510 0.6266817 0.3295023 0.4036809 0.3580510 0.4598417 0.3717808 1.3408326 0.3242540 0.2866014 0.3788807 0.3665277 0.3585703 0.6496719 0.3592340 0.0811486 0.3997673 0.3730088 0.3687480 0.1577613 0.3213975 0.4219083 0.3306985 0.3354445 0.3827939 0.3919415 0.3036285 0.2375883 0.3409087 0.3044681 0.3324939 0.3253642 0.3260081 0.3592340 0.2866014 0.2994531 0.2994531 0.3479783 0.3586512 0.3635295 0.3403185 0.3661146 0.3557183 0.3772619 0.3313222 0.3689869 0.8995650 0.4170065 0.3806554 0.3552176 0.3879829 0.3528975 0.3806554 0.4985088 0.4170789 0.3583940 0.3717803 1.1430417 0.2813405 0.3720441 0.5116988 0.3115659 0.2495776 1.2744175 0.9015570 0.9076029 1.0594850 0.9307690 0.9424866 0.9787126 0.9409249 0.9638274 1.3146935 0.9279387 1.5614884 0.8794373 1.1623044 0.9086868 0.9680402 1.7636135 0.9300249 0.8946815 0.9570787 0.9397213 1.2553416 0.3363812 0.3387081 0.3440518 1.0399982 0.3387081 0.3387081 0.5924471 0.4060452 0.3544927 0.6745193 0.3544927 0.3608919 0.3544927 0.3544927 0.3387081 
Capra_hircus_ENSCHIP00000023988                    0.2532419 0.1764963 0.1011864 0.3580510 0.0000000 0.4809936 0.3332984 0.2801486 0.0000010 0.4648647 0.1221207 1.2633323 0.2030005 0.2156223 0.3048266 0.4969874 0.0193031 0.5428597 0.0193293 0.3244733 0.2775272 0.4500598 0.4270048 0.3260141 0.1764963 0.0805975 0.2977165 0.2263186 0.2654622 0.4415019 0.1905808 0.2712959 0.2723921 0.1882022 0.2716670 0.1816172 0.2686972 0.0193293 0.2156223 0.1997475 0.1997475 0.0311453 0.1011864 0.4340457 0.2461319 0.1474567 0.0432646 0.4465060 0.2736847 0.1134256 0.8527400 0.3014092 0.2504319 0.1784082 0.2823115 0.1051601 0.2453037 0.4441231 0.3809840 0.4349562 0.2868038 1.0545833 0.4227994 0.2344363 0.3979428 0.1985984 0.3477998 1.3873394 0.8741779 0.8654666 1.0251580 0.8849427 0.8900274 0.8837078 0.8794817 0.9329565 1.3227653 0.8589467 1.5405136 0.8653180 1.0471305 0.8435041 0.9140650 1.7325423 0.9001910 0.8810996 0.9428862 0.8601625 1.2939794 0.2452540 0.2463632 0.2512204 1.0299386 0.2463632 0.2463632 0.3875040 0.3371723 0.2725305 0.6154508 0.2725305 0.2825081 0.2725305 0.2725305 0.2463632 
Sus_scrofa_ENSSSCP00000033805                      0.5755625 0.4421239 0.4777239 0.6266817 0.4809936 0.0000000 0.6776904 0.6963325 0.4809936 0.9069488 0.4900035 1.6163476 0.5418416 0.4526196 0.6206777 0.8729172 0.4649113 0.6230693 0.4583811 0.6234364 0.6208792 0.7267604 0.7204910 0.6283690 0.4421239 0.4539139 0.6217264 0.6184663 0.5749719 0.7627396 0.4741724 0.5885322 0.5695308 0.4653245 0.4991770 0.4567504 0.5804505 0.4583811 0.4526196 0.4754756 0.4754756 0.4622390 0.4777239 0.7164070 0.5584159 0.3948861 0.4699021 0.7350311 0.5875765 0.4923711 1.1016095 0.5983739 0.5536691 0.5039903 0.5786727 0.4767323 0.5528632 0.8755594 0.6684764 0.7094388 0.5821909 1.4078147 0.6787933 0.6167565 0.7547454 0.4869235 0.6474802 1.5891883 1.0787935 1.1171729 1.3377150 1.1516306 1.1386737 1.1659310 1.1300848 1.1646614 1.6766120 1.0822981 1.8348094 1.0988916 1.5000907 1.1126877 1.1620827 2.0054932 1.1316906 1.1134786 1.2152209 1.1105317 1.3654895 0.5103452 0.5192035 0.5260455 1.2497018 0.5192035 0.5192035 0.7744169 0.6365974 0.5621207 0.5961500 0.5621207 0.5658045 0.5621207 0.5621207 0.5192035 
Octodon_degus_ENSODEP00000012142                   0.3665560 0.3216499 0.3413924 0.3295023 0.3332984 0.6776904 0.0000000 0.3800953 0.3332984 0.3411257 0.3342168 1.3250593 0.3328102 0.3164906 0.3898024 0.5508308 0.3284154 0.7039502 0.3233201 0.3088714 0.3437726 0.5175856 0.5157032 0.3179981 0.3216499 0.4100610 0.1649776 0.3175837 0.3290691 0.3805312 0.3056561 0.2760948 0.3375669 0.3076740 0.3461442 0.3279548 0.3492802 0.3233201 0.3164906 0.2986869 0.2986869 0.3161871 0.3413924 0.5172827 0.3056297 0.3343441 0.3332210 0.5273508 0.3546681 0.3375221 0.9728198 0.4284368 0.3436115 0.3320744 0.3486966 0.3457629 0.3436115 0.3657274 0.4204913 0.5314379 0.3714020 1.1806548 0.3703618 0.3582744 0.5380979 0.3041700 0.3779528 1.4120886 0.9428866 0.9401849 1.1580677 0.9667364 0.9654754 0.9492407 0.9586195 1.0073821 1.3178460 0.9378530 1.5381970 0.9558229 1.0748108 0.9271912 0.9826719 1.7673489 0.9240192 0.9442993 0.9940665 0.9243975 1.2782437 0.3308803 0.3324939 0.3324939 1.0339920 0.3324939 0.3324939 0.4992588 0.3854845 0.3510653 0.7289816 0.3510653 0.3618713 0.3510653 0.3510653 0.3324939 
Marmota_marmota_marmota_ENSMMMP00000026221         0.2991490 0.2392946 0.3091506 0.4036809 0.2801486 0.6963325 0.3800953 0.0000000 0.2801486 0.4791962 0.3081705 1.2872849 0.2392952 0.2658698 0.3030471 0.5919115 0.2953136 0.6855418 0.2854160 0.3755290 0.2935511 0.5336772 0.5073712 0.3685970 0.2392946 0.3451679 0.3374508 0.0955463 0.2649714 0.4230178 0.2484023 0.3012905 0.2724658 0.2567736 0.3135315 0.2448633 0.2685261 0.2854160 0.2658698 0.2357356 0.2357356 0.2693854 0.3091506 0.5089304 0.1445955 0.3064693 0.2898196 0.4986877 0.2636226 0.3170956 0.9382256 0.3904957 0.3428839 0.2984480 0.3062407 0.3036600 0.3428839 0.4835167 0.3787324 0.5259844 0.3000207 1.0399412 0.4701656 0.1089598 0.4058673 0.2587872 0.3772638 1.4199422 0.9105139 0.8763960 1.1223450 0.9318574 0.9381707 0.9201334 0.9339947 0.9695839 1.4205805 0.9188375 1.6047325 0.8977179 1.0487322 0.8722870 0.9626617 1.8174946 0.9425603 0.9407810 0.9817750 0.9012018 1.2948536 0.2589453 0.2584037 0.2634003 1.0378288 0.2584037 0.2584037 0.4461260 0.3366475 0.2624278 0.6438978 0.2624278 0.2724709 0.2624278 0.2624278 0.2584037 
Ovis_aries_rambouillet_ENSOARP00020032164          0.2532419 0.1764963 0.1011864 0.3580510 0.0000010 0.4809936 0.3332984 0.2801486 0.0000000 0.4648647 0.1221207 1.2633323 0.2030005 0.2156223 0.3048266 0.4969874 0.0193031 0.5428597 0.0193293 0.3244733 0.2775272 0.4500598 0.4270048 0.3260141 0.1764963 0.0805975 0.2977165 0.2263186 0.2654622 0.4415019 0.1905808 0.2712959 0.2723921 0.1882022 0.2716670 0.1816172 0.2686972 0.0193293 0.2156223 0.1997475 0.1997475 0.0311453 0.1011864 0.4340457 0.2461319 0.1474567 0.0432646 0.4465060 0.2736847 0.1134256 0.8527400 0.3014092 0.2504319 0.1784082 0.2823115 0.1051601 0.2453037 0.4441231 0.3809840 0.4349562 0.2868038 1.0545833 0.4227994 0.2344363 0.3979428 0.1985984 0.3477998 1.3873394 0.8741779 0.8654666 1.0251580 0.8849427 0.8900274 0.8837078 0.8794817 0.9329565 1.3227653 0.8589467 1.5405136 0.8653180 1.0471305 0.8435041 0.9140650 1.7325423 0.9001910 0.8810996 0.9428862 0.8601625 1.2939794 0.2452540 0.2463632 0.2512204 1.0299386 0.2463632 0.2463632 0.3875040 0.3371723 0.2725305 0.6154508 0.2725305 0.2825081 0.2725305 0.2725305 0.2463632 
Cavia_porcellus_ENSCPOP00000032306                 0.4925812 0.4178090 0.4565005 0.4598417 0.4648647 0.9069488 0.3411257 0.4791962 0.4648647 0.0000000 0.4483210 1.4891333 0.4173765 0.4332812 0.5222927 0.6990340 0.4534421 0.8610825 0.4482539 0.4315043 0.5144496 0.5847284 0.5571633 0.4540081 0.4178090 0.5466848 0.2945679 0.4833132 0.4514802 0.4936080 0.4364067 0.3962296 0.4852056 0.4362318 0.4458072 0.4304045 0.4816324 0.4482539 0.4332812 0.4342414 0.4342414 0.4433970 0.4565005 0.5588610 0.4623898 0.4406811 0.4395359 0.6142724 0.4758695 0.4706030 1.0883698 0.4722313 0.4419874 0.4480542 0.5059228 0.4608384 0.4419874 0.4826613 0.5274225 0.5988518 0.5181615 1.2650660 0.5018970 0.5113600 0.6252303 0.4245590 0.5189539 1.4772054 1.0480297 1.0058479 1.2580136 1.1146640 1.1162565 1.1060187 1.1078322 1.1399117 1.5039987 1.0469151 1.7270517 1.0565449 1.2113201 1.0909398 1.1111452 1.8902378 1.1363809 1.0840688 1.1307499 1.1074718 1.3910287 0.4965480 0.4975072 0.4971951 1.1744121 0.4975072 0.4975072 0.6052880 0.5248427 0.4966880 0.8823496 0.4966880 0.4997228 0.4966880 0.4966880 0.4975072 
Balaenoptera_musculus_ENSBMSP00010006480           0.2756047 0.2049875 0.0510865 0.3717808 0.1221207 0.4900035 0.3342168 0.3081705 0.1221207 0.4483210 0.0000000 1.2611015 0.2247971 0.2377490 0.3013179 0.5281713 0.1178928 0.5812131 0.1094999 0.3474999 0.3042613 0.4855998 0.4615295 0.3643978 0.2049875 0.1926603 0.3062972 0.2743705 0.2754996 0.4686029 0.2178563 0.2685021 0.2875432 0.2155945 0.2958766 0.2055152 0.2905171 0.1094999 0.2377490 0.2175153 0.2175153 0.1054681 0.0510865 0.4629541 0.2554383 0.1442078 0.1137658 0.4744673 0.2855957 0.0593526 0.9069613 0.3198676 0.2643010 0.1762090 0.2786198 0.0549849 0.2590590 0.4923558 0.3876218 0.4670246 0.2854914 1.0955433 0.4272347 0.2622951 0.4385378 0.2019528 0.3831179 1.3763433 0.8825947 0.9265601 1.0931195 0.9098723 0.9236704 0.9021824 0.8882856 0.9522978 1.3824355 0.8418225 1.5340058 0.8574808 1.0401064 0.8666152 0.9190755 1.7317689 0.9372713 0.8940545 0.9719228 0.8833681 1.3306992 0.2499114 0.2510436 0.2559096 1.0342855 0.2510436 0.2510436 0.4201533 0.3394323 0.2876852 0.6210880 0.2876852 0.2965890 0.2876852 0.2876852 0.2510436 
Phascolarctos_cinereus_ENSPCIP00000032276          1.3004862 1.1829291 1.2551163 1.3408326 1.2633323 1.6163476 1.3250593 1.2872849 1.2633323 1.4891333 1.2611015 0.0000000 1.2350052 1.1686603 1.3287052 1.5968725 1.2332634 1.5774417 1.2341522 1.3027766 1.3187455 1.4030320 1.3623227 1.3790741 1.1829291 1.3458547 1.2892290 1.2878417 1.2131905 1.3690788 1.2049027 1.3440825 1.1929572 1.2200041 1.2836866 1.2070211 1.2347161 1.2341522 1.1686603 1.3137626 1.2119046 1.2112105 1.2551163 1.3436034 1.2514094 1.2391089 1.2148765 1.3841342 1.2289081 1.2565460 0.3695764 1.3240074 1.3207822 1.2636319 1.2282620 1.2613765 1.3216850 1.4988579 1.3594551 1.3587060 1.3638737 0.7812170 1.3615923 1.3039967 1.4336804 1.1731010 1.4125845 1.8822515 1.2634931 1.1924047 1.4208331 1.2486359 1.2765051 1.2715610 1.2738257 1.2305211 2.0205888 1.2163279 2.0926865 1.2269617 1.0733931 1.2791590 1.2738277 2.6715806 1.2902337 1.2456631 1.2602583 1.2226862 1.6922181 1.2030553 1.2147197 1.2164801 0.6036202 1.2147197 1.2147197 1.5327930 1.2521768 1.2031751 1.6054102 1.2031751 1.2046880 1.2031751 1.2031751 1.2147197 
Otolemur_garnettii_ENSOGAP00000020480              0.2301170 0.1527139 0.2036548 0.3242540 0.2030005 0.5418416 0.3328102 0.2392952 0.2030005 0.4173765 0.2247971 1.2350052 0.0000000 0.1837976 0.2295579 0.5120241 0.2076091 0.5809463 0.2079528 0.2941252 0.2240946 0.4835630 0.4674387 0.2934024 0.1527139 0.2660514 0.2769150 0.2037788 0.2020190 0.4075300 0.1633051 0.2286254 0.1926620 0.1561688 0.2399530 0.1621194 0.1842917 0.2079528 0.1837976 0.1438820 0.1438820 0.1931712 0.2036548 0.4625692 0.2140436 0.2384881 0.2026948 0.4721970 0.1889599 0.2131496 0.8622806 0.2780769 0.2651384 0.2404905 0.2109723 0.2033756 0.2597639 0.4397093 0.2951378 0.4604291 0.1995952 1.0461555 0.3881142 0.2151960 0.3934336 0.1261082 0.2885323 1.3242380 0.8718443 0.8583702 1.0255987 0.8909056 0.9058844 0.8892092 0.8957820 0.9564627 1.3030908 0.8926210 1.5279163 0.8717272 1.0586128 0.8474463 0.9132268 1.8737397 0.8876784 0.8667960 0.9207988 0.8813510 1.1953634 0.1588321 0.1732293 0.1778079 0.9844698 0.1732293 0.1732293 0.4098110 0.2447226 0.1879817 0.5294284 0.1879817 0.1972809 0.1879817 0.1879817 0.1732293 
Panthera_leo_ENSPLOP00000025470                    0.2361376 0.0849773 0.2277526 0.2866014 0.2156223 0.4526196 0.3164906 0.2658698 0.2156223 0.4332812 0.2377490 1.1686603 0.1837976 0.0000000 0.2539679 0.4743153 0.2110049 0.4981446 0.2017889 0.2694637 0.2771247 0.4469033 0.4318462 0.2916169 0.0849773 0.2684095 0.3050928 0.2034500 0.1756826 0.3948973 0.0733736 0.2270873 0.2019099 0.0776287 0.0715462 0.0850663 0.1979761 0.2017889 0.0000010 0.0932485 0.0932485 0.2005358 0.2277526 0.4212400 0.2017261 0.1963943 0.1913145 0.4256874 0.2026637 0.2371898 0.7805775 0.2409508 0.2339115 0.2270797 0.2219863 0.2227448 0.2328337 0.4840447 0.3125090 0.4179177 0.2416959 1.0646045 0.3677656 0.2284466 0.3693089 0.1565671 0.3202265 1.1889655 0.8513246 0.8599381 1.0087424 0.8858617 0.8705197 0.8813327 0.8493576 0.9129501 1.2319522 0.8402131 1.4923472 0.8482607 1.0194266 0.8259720 0.8997293 1.7249195 0.8679110 0.8638067 0.9280805 0.8453067 1.1556791 0.1826160 0.1880303 0.1926629 0.9661168 0.1880303 0.1880303 0.3892431 0.2549529 0.1926066 0.5417006 0.1926066 0.2019091 0.1926066 0.1926066 0.1880303 
Aotus_nancymaae_ENSANAP00000033484                 0.3209160 0.2211744 0.2957819 0.3788807 0.3048266 0.6206777 0.3898024 0.3030471 0.3048266 0.5222927 0.3013179 1.3287052 0.2295579 0.2539679 0.0000000 0.5415670 0.2994211 0.6592908 0.2997295 0.3650985 0.3402696 0.5308453 0.5212028 0.3759927 0.2211744 0.3532847 0.3598917 0.2882302 0.2940489 0.4538239 0.2185336 0.3415659 0.1795967 0.2243916 0.2969989 0.2280001 0.1888386 0.2997295 0.2539679 0.2393512 0.2393512 0.2820977 0.2957819 0.5099166 0.2801727 0.2944247 0.2865490 0.5259697 0.1935099 0.2915944 0.9263004 0.3584854 0.3496028 0.3082405 0.2962954 0.2953269 0.3513917 0.5409008 0.3775672 0.5305692 0.1012283 1.1146382 0.4564126 0.2896106 0.4958956 0.2106619 0.4237341 1.3040589 0.9099454 0.9549506 1.1206498 0.9160693 0.9409789 0.9729139 0.9798819 0.9708976 1.4195440 0.9351030 1.5869704 0.8980293 1.1324002 0.9114368 1.0242398 1.8022326 0.9490818 0.9134782 0.9287724 0.9298257 1.2083758 0.1711579 0.1551087 0.1505382 1.0612228 0.1551087 0.1551087 0.4777258 0.1019148 0.1705498 0.5791512 0.1705498 0.1894513 0.1705498 0.1705498 0.1551087 
Rattus_norvegicus_ENSRNOP00000065206               0.5262315 0.4748538 0.5227054 0.3665277 0.4969874 0.8729172 0.5508308 0.5919115 0.4969874 0.6990340 0.5281713 1.5968725 0.5120241 0.4743153 0.5415670 0.0000000 0.4905180 0.7900862 0.5041589 0.3504983 0.5581699 0.3731324 0.3700565 0.3693360 0.4748538 0.5647020 0.5379886 0.5317287 0.5892027 0.5980607 0.4724467 0.3918088 0.5558895 0.4717132 0.5284159 0.4795447 0.5295816 0.5041589 0.4743153 0.4653572 0.4653572 0.4970237 0.5227054 0.3732719 0.5358978 0.5464258 0.5198472 0.3767087 0.5330065 0.5293557 1.1106158 0.5900494 0.5428166 0.5424798 0.5910695 0.5317456 0.5428166 0.6404624 0.5635380 0.3667198 0.5396745 1.2430997 0.4350145 0.5596834 0.7183492 0.5248398 0.4000464 1.4395496 1.0481624 1.0944439 1.2122965 1.0535115 1.0658805 1.0884328 1.0894233 1.0846556 1.4619164 1.0836423 1.7055443 1.0459534 1.3199351 1.0207791 1.1054347 2.0833580 1.0981279 1.0619939 1.1278660 1.0355021 1.4499396 0.5400258 0.5291027 0.5224878 1.1907541 0.5291027 0.5291027 0.7107552 0.5368158 0.5499324 0.9130017 0.5499324 0.5478262 0.5499324 0.5499324 0.5291027 
Bos_grunniens_ENSBGRP00000005993                   0.2720798 0.1809720 0.0970073 0.3585703 0.0193031 0.4649113 0.3284154 0.2953136 0.0193031 0.4534421 0.1178928 1.2332634 0.2076091 0.2110049 0.2994211 0.4905180 0.0000000 0.5486555 0.0076975 0.3262516 0.2923535 0.4572091 0.4339696 0.3418065 0.1809720 0.0668963 0.2988829 0.2405108 0.2754879 0.4524628 0.1950987 0.2665042 0.2772404 0.1927410 0.2668090 0.1861185 0.2735576 0.0076975 0.2110049 0.2042922 0.2042922 0.0272120 0.0970073 0.4410574 0.2511649 0.1476096 0.0392746 0.4535915 0.2785591 0.1092255 0.8561282 0.2961837 0.2551716 0.1785957 0.2871594 0.1009800 0.2500233 0.4496559 0.3752096 0.4419899 0.2917324 1.0467098 0.4175486 0.2486515 0.3990631 0.2031253 0.3602703 1.3718789 0.8682495 0.8782448 1.0482190 0.8749094 0.8799915 0.8929004 0.8712532 0.9078266 1.3240976 0.8529342 1.5597029 0.8594300 1.0368157 0.8497914 0.9057065 1.7335622 0.9065251 0.8752165 0.9518637 0.8664581 1.2638282 0.2598582 0.2610436 0.2560547 1.0304591 0.2610436 0.2610436 0.3817244 0.3284746 0.2773800 0.6352937 0.2773800 0.2873878 0.2773800 0.2773800 0.2610436 
Ursus_maritimus_ENSUMAP00000004530                 0.6292418 0.5016036 0.5696538 0.6496719 0.5428597 0.6230693 0.7039502 0.6855418 0.5428597 0.8610825 0.5812131 1.5774417 0.5809463 0.4981446 0.6592908 0.7900862 0.5486555 0.0000000 0.5462926 0.6611361 0.6654565 0.6345474 0.6255836 0.6515656 0.5016036 0.5697085 0.6393860 0.6271732 0.6172947 0.7679395 0.4187366 0.6062349 0.6416211 0.4315968 0.5493066 0.5019442 0.6097722 0.5462926 0.4981446 0.4807837 0.4807837 0.5292658 0.5696538 0.6322005 0.6345542 0.5701342 0.5423354 0.6372346 0.6089749 0.5839415 1.0383771 0.5964373 0.6538758 0.6021913 0.6167724 0.5620914 0.6513463 0.7789464 0.7161179 0.6356038 0.6220551 1.3124449 0.6996150 0.6468885 0.7683099 0.5431625 0.6534803 1.3796002 1.0330271 1.1132193 1.2116865 1.0906648 1.0836614 1.0762922 1.0858948 1.1303415 1.5731726 1.0477967 1.5831836 1.0387668 1.4805577 1.0234777 1.0751730 1.9230165 1.0842895 1.0756252 1.1391498 1.0585064 1.5918537 0.6163899 0.6137647 0.6207752 1.1426953 0.6137647 0.6137647 0.8036109 0.6623426 0.6345236 0.7753102 0.6345236 0.6428825 0.6345236 0.6345236 0.6137647 
Bos_taurus_ENSBTAP00000002914                      0.2625105 0.1719688 0.0971498 0.3592340 0.0193293 0.4583811 0.3233201 0.2854160 0.0193293 0.4482539 0.1094999 1.2341522 0.2079528 0.2017889 0.2997295 0.5041589 0.0076975 0.5462926 0.0000000 0.3306651 0.2928598 0.4642239 0.4407727 0.3424340 0.1719688 0.0761553 0.2927806 0.2409110 0.2657386 0.4413662 0.1860112 0.2669629 0.2675089 0.1836108 0.2570533 0.1770650 0.2638005 0.0000010 0.2017889 0.1951518 0.1951518 0.0193908 0.0971498 0.4421401 0.2417645 0.1388477 0.0313455 0.4547085 0.2687757 0.1008895 0.8585390 0.2863789 0.2456502 0.1696974 0.2774323 0.1011284 0.2405406 0.4505330 0.3756004 0.4488711 0.2818454 1.0580628 0.4151720 0.2393386 0.3883717 0.1940209 0.3609545 1.3719748 0.8662628 0.8747970 1.0462634 0.8893401 0.8944218 0.8909248 0.8692657 0.9225446 1.3132152 0.8508982 1.5443188 0.8574450 1.0338572 0.8477953 0.9037358 1.7088216 0.9045724 0.8732540 0.9498810 0.8644777 1.2672417 0.2502991 0.2514355 0.2563119 1.0333145 0.2514355 0.2514355 0.3821207 0.3252172 0.2676462 0.6264302 0.2676462 0.2775975 0.2676462 0.2676462 0.2514355 
Cricetulus_griseus_chok1gshd_ENSCGRP00001027089    0.3518089 0.2938721 0.3345161 0.0811486 0.3244733 0.6234364 0.3088714 0.3755290 0.3244733 0.4315043 0.3474999 1.3027766 0.2941252 0.2694637 0.3650985 0.3504983 0.3262516 0.6611361 0.3306651 0.0000000 0.3825433 0.3466947 0.3339404 0.1182451 0.2938721 0.3936422 0.3028092 0.3174279 0.3759913 0.3590226 0.2861462 0.2148575 0.3388743 0.2873874 0.3267968 0.2977783 0.3211893 0.3306651 0.2694637 0.2820060 0.2820060 0.3196741 0.3345161 0.3288077 0.3067949 0.3651659 0.3325692 0.3584638 0.3264369 0.3425345 0.8765692 0.4141984 0.3473468 0.3701661 0.3674118 0.3388220 0.3473468 0.4714772 0.4101522 0.3241904 0.3515925 1.1151884 0.2504265 0.3418826 0.4947177 0.2963815 0.2164550 1.2839580 0.9066567 0.8891094 1.0855853 0.9307234 0.9424657 0.9601680 0.9376286 0.9621789 1.2723972 0.9340220 1.5421322 0.8956444 1.1470349 0.9186091 0.9522855 1.7842224 0.9228274 0.9101348 0.9602726 0.9203935 1.2190189 0.3262718 0.3285045 0.3299155 1.0442069 0.3285045 0.3285045 0.5698687 0.3844719 0.3493087 0.6660804 0.3493087 0.3556190 0.3493087 0.3493087 0.3285045 
Microcebus_murinus_ENSMICP00000036936              0.2907494 0.2505925 0.2829237 0.3997673 0.2775272 0.6208792 0.3437726 0.2935511 0.2775272 0.5144496 0.3042613 1.3187455 0.2240946 0.2771247 0.3402696 0.5581699 0.2923535 0.6654565 0.2928598 0.3825433 0.0000000 0.5272988 0.5107628 0.3590297 0.2505925 0.3697503 0.3375048 0.2630168 0.2332817 0.4412469 0.2718761 0.2908425 0.2634535 0.2647800 0.3174635 0.2531032 0.2950458 0.2928598 0.2771247 0.2506815 0.2506815 0.2800859 0.2829237 0.5227171 0.2640544 0.2992035 0.2949386 0.5321021 0.3001046 0.3018916 0.8803056 0.3431200 0.3544477 0.2966855 0.2509255 0.2870945 0.3487072 0.4794245 0.4067629 0.5271970 0.3001791 1.0702218 0.4503882 0.2576053 0.4495202 0.2464447 0.3771087 1.3557229 0.9653691 0.9609214 1.0996074 0.9503602 0.9396262 0.9555253 0.9692041 0.9934161 1.3965907 0.9468710 1.5933453 0.9582583 1.1810883 0.8969515 1.0046016 1.9424476 0.9575266 0.9506779 1.0125906 0.9425498 1.3332283 0.2278625 0.2397242 0.2445888 0.9841733 0.2397242 0.2397242 0.4354037 0.3416892 0.2680707 0.6071794 0.2680707 0.2831079 0.2680707 0.2680707 0.2397242 
Mus_spretus_MGP_SPRETEiJ_P0091280                  0.4717867 0.4217929 0.4899912 0.3730088 0.4500598 0.7267604 0.5175856 0.5336772 0.4500598 0.5847284 0.4855998 1.4030320 0.4835630 0.4469033 0.5308453 0.3731324 0.4572091 0.6345474 0.4642239 0.3466947 0.5272988 0.0000000 0.0349337 0.3481356 0.4217929 0.4994221 0.4812787 0.4799221 0.5271371 0.5524353 0.4290854 0.3904202 0.5094180 0.4355134 0.4594344 0.4289177 0.5017345 0.4642239 0.4469033 0.4446737 0.4446737 0.4516189 0.4899912 0.0389523 0.4872071 0.5099626 0.4756146 0.1092548 0.5026730 0.5026197 0.9715835 0.5658477 0.4676754 0.4816723 0.5056854 0.4986622 0.4676754 0.6004221 0.5052167 0.0714536 0.5103703 1.1966983 0.4267143 0.4997113 0.6174852 0.4449176 0.3771750 1.3320032 1.0070482 0.9719576 1.2169696 1.0276165 1.0392983 1.0811933 1.0887065 1.0894097 1.3544078 0.9910285 1.6539303 1.0030830 1.2444117 1.0041195 1.0893466 1.9248560 1.0481072 0.9896202 1.0217182 1.0219030 1.2607337 0.4738473 0.4809316 0.4806279 1.0879934 0.4809316 0.4809316 0.6430278 0.5276988 0.5095752 0.8380373 0.5095752 0.5178619 0.5095752 0.5095752 0.4809316 
Mus_musculus_ENSMUSP00000034588                    0.4475261 0.4067879 0.4657447 0.3687480 0.4270048 0.7204910 0.5157032 0.5073712 0.4270048 0.5571633 0.4615295 1.3623227 0.4674387 0.4318462 0.5212028 0.3700565 0.4339696 0.6255836 0.4407727 0.3339404 0.5107628 0.0349337 0.0000000 0.3394817 0.4067879 0.4832991 0.4690854 0.4549203 0.4990483 0.5394556 0.4139737 0.3650273 0.5001507 0.4202775 0.4408738 0.4137638 0.4925618 0.4407727 0.4318462 0.4293591 0.4293591 0.4285071 0.4657447 0.0152810 0.4631322 0.4855209 0.4519235 0.0960133 0.4934798 0.4780377 0.9451596 0.5315562 0.4531331 0.4576864 0.4801619 0.4743500 0.4531331 0.5978353 0.5109565 0.0467031 0.5010338 1.1601887 0.4043410 0.4741145 0.6148175 0.4294358 0.3583004 1.3056719 1.0163863 0.9535834 1.1754711 0.9960450 1.0076710 1.0490292 1.0528335 1.0567805 1.3147813 1.0076015 1.6352142 1.0123927 1.2432856 0.9885165 1.0598400 1.9595270 1.0356004 0.9988542 1.0311635 1.0096801 1.2428563 0.4649238 0.4719008 0.4716045 1.0669901 0.4719008 0.4719008 0.6255238 0.5203338 0.5003086 0.8220184 0.5003086 0.5085065 0.5003086 0.5003086 0.4719008 
Microtus_ochrogaster_ENSMOCP00000019788            0.3485365 0.3110469 0.3463772 0.1577613 0.3260141 0.6283690 0.3179981 0.3685970 0.3260141 0.4540081 0.3643978 1.3790741 0.2934024 0.2916169 0.3759927 0.3693360 0.3418065 0.6515656 0.3424340 0.1182451 0.3590297 0.3481356 0.3394817 0.0000000 0.3110469 0.3943380 0.3072348 0.3068850 0.3807483 0.3559432 0.2940693 0.2347974 0.3444919 0.2960262 0.3398152 0.3118930 0.3265652 0.3424340 0.2916169 0.2949289 0.2949289 0.3360723 0.3463772 0.3343074 0.3156508 0.3871826 0.3546406 0.3468795 0.3318215 0.3598577 0.9089570 0.4241050 0.3511285 0.3819634 0.3557975 0.3506856 0.3511285 0.4414786 0.3781846 0.3185553 0.3458960 1.1185061 0.2269654 0.3422526 0.5031585 0.2838044 0.2319706 1.3194201 0.9582538 0.9201678 1.1407124 0.9577949 0.9695418 0.9694080 0.9615680 0.9837025 1.3442261 0.9500495 1.5561210 0.9544179 1.0883193 0.9203028 0.9896832 1.8046863 0.9307284 0.9519910 0.9983554 0.9272018 1.2712982 0.3213617 0.3235588 0.3288080 1.0318082 0.3235588 0.3235588 0.5656556 0.3928415 0.3446472 0.6741782 0.3446472 0.3509336 0.3446472 0.3446472 0.3235588 
Canis_lupus_dingo_ENSCAFP00020002685               0.2219980 0.0000010 0.1763580 0.3213975 0.1764963 0.4421239 0.3216499 0.2392946 0.1764963 0.4178090 0.2049875 1.1829291 0.1527139 0.0849773 0.2211744 0.4748538 0.1809720 0.5016036 0.1719688 0.2938721 0.2505925 0.4217929 0.4067879 0.3110469 0.0000000 0.2576905 0.2933836 0.2142035 0.1777058 0.3960301 0.0679435 0.2294178 0.1980398 0.0721224 0.1413289 0.0077404 0.1940114 0.1719688 0.0849773 0.0845147 0.0845147 0.1617938 0.1763580 0.3965013 0.1901421 0.1757515 0.1616835 0.4040293 0.1986387 0.1916079 0.8037576 0.2466568 0.2333928 0.1824711 0.1999712 0.1804849 0.2283049 0.4739933 0.3178432 0.4052615 0.2276295 1.0507958 0.3910952 0.2161107 0.3579202 0.1361548 0.3226481 1.2691762 0.8601080 0.8694497 1.0278520 0.9036745 0.9086977 0.8632920 0.8648977 0.9376475 1.2641634 0.8381409 1.5185533 0.8570011 1.0295867 0.8622398 0.8895944 1.7413572 0.9020488 0.8725328 0.9281984 0.8658683 1.2099112 0.1798821 0.1669936 0.1715322 0.9623986 0.1669936 0.1669936 0.3539725 0.2235052 0.1888491 0.5152061 0.1888491 0.1980387 0.1888491 0.1888491 0.1669936 
Bison_bison_bison_ENSBBBP00000016449               0.3279822 0.2576905 0.1732240 0.4219083 0.0805975 0.4539139 0.4100610 0.3451679 0.0805975 0.5466848 0.1926603 1.3458547 0.2660514 0.2684095 0.3532847 0.5647020 0.0668963 0.5697085 0.0761553 0.3936422 0.3697503 0.4994221 0.4832991 0.3943380 0.2576905 0.0000000 0.3674302 0.2875732 0.3220831 0.5383814 0.2662463 0.3532395 0.3326064 0.2637741 0.2786917 0.2639085 0.3229057 0.0761553 0.2684095 0.2714043 0.2714043 0.0855257 0.1894745 0.4843070 0.3105132 0.2243155 0.1047754 0.4910615 0.3229057 0.1873792 0.9313393 0.3634589 0.3320283 0.2538875 0.3500438 0.1707412 0.3259990 0.5352790 0.4008634 0.4854651 0.3480675 1.0956134 0.4784745 0.3019095 0.4945450 0.2662413 0.4188444 1.3948659 0.9032281 0.9431339 1.1569830 0.9264234 0.9430963 0.9258249 0.9158064 0.9515862 1.3386761 0.8932446 1.5953605 0.8955645 1.2018316 0.8898762 0.9631992 1.7018806 0.9577607 0.9144016 0.9957295 0.9128446 1.2783886 0.3119046 0.3137059 0.3080371 1.0799709 0.3137059 0.3137059 0.4622293 0.3859260 0.3269751 0.6405379 0.3269751 0.3383135 0.3269751 0.3269751 0.3137059 
Chinchilla_lanigera_ENSCLAP00000016837             0.3265124 0.2933836 0.3150339 0.3306985 0.2977165 0.6217264 0.1649776 0.3374508 0.2977165 0.2945679 0.3062972 1.2892290 0.2769150 0.3050928 0.3598917 0.5379886 0.2988829 0.6393860 0.2927806 0.3028092 0.3375048 0.4812787 0.4690854 0.3072348 0.2933836 0.3674302 0.0000000 0.2957604 0.3124330 0.3621013 0.2923788 0.2377466 0.3341539 0.2980364 0.3264156 0.2992998 0.3302357 0.2927806 0.3050928 0.2905270 0.2905270 0.2868888 0.3150339 0.4705105 0.2903769 0.2988635 0.3021985 0.4733206 0.3354467 0.3111551 0.9289182 0.3735830 0.3244062 0.3186019 0.3242378 0.3192536 0.3244062 0.3292009 0.3774763 0.4781690 0.3354259 1.1346881 0.3447893 0.3239605 0.4739258 0.2731381 0.3291335 1.3350695 0.8703909 0.9229147 1.1043382 0.9308612 0.9274902 0.9082631 0.9244504 0.9887962 1.2786544 0.8882859 1.5476385 0.8837496 1.0535113 0.8831765 0.9597398 1.8452390 0.8848406 0.8900900 0.9283160 0.8740502 1.2820827 0.3178799 0.3096930 0.3110114 0.9987040 0.3096930 0.3096930 0.4702810 0.3549644 0.3267139 0.6546502 0.3267139 0.3371107 0.3267139 0.3267139 0.3096930 
Urocitellus_parryii_ENSUPAP00010007066             0.2289244 0.2142035 0.2736022 0.3354445 0.2263186 0.6184663 0.3175837 0.0955463 0.2263186 0.4833132 0.2743705 1.2878417 0.2037788 0.2034500 0.2882302 0.5317287 0.2405108 0.6271732 0.2409110 0.3174279 0.2630168 0.4799221 0.4549203 0.3068850 0.2142035 0.2875732 0.2957604 0.0000000 0.2149586 0.3611224 0.2019885 0.2552437 0.2416071 0.2068634 0.2495696 0.2194900 0.2407537 0.2409110 0.2034500 0.1947201 0.1947201 0.2354772 0.2736022 0.4621714 0.0917605 0.2775231 0.2499426 0.4523397 0.2360492 0.2934865 0.8725956 0.3809611 0.2705671 0.2690775 0.2553731 0.2684078 0.2705671 0.4256335 0.3390627 0.4667408 0.2735806 1.0187611 0.3965192 0.0431064 0.3705434 0.2147320 0.3158894 1.2836915 0.8879050 0.8385992 1.0669748 0.8480825 0.8542830 0.8400738 0.8532418 0.9076985 1.3431960 0.8868826 1.4801609 0.8753988 1.0417466 0.8014085 0.8795147 1.7153349 0.8600628 0.9037492 0.9376027 0.8239606 1.2137314 0.2103372 0.2159976 0.2207318 0.9892809 0.2159976 0.2159976 0.3903372 0.3173846 0.2350287 0.6227689 0.2350287 0.2446440 0.2350287 0.2350287 0.2159976 
Prolemur_simus_ENSPSMP00000000253                  0.2831136 0.1777058 0.2703432 0.3827939 0.2654622 0.5749719 0.3290691 0.2649714 0.2654622 0.4514802 0.2754996 1.2131905 0.2020190 0.1756826 0.2940489 0.5892027 0.2754879 0.6172947 0.2657386 0.3759913 0.2332817 0.5271371 0.4990483 0.3807483 0.1777058 0.3220831 0.3124330 0.2149586 0.0000000 0.4399229 0.1884098 0.2771546 0.2389996 0.1933057 0.2284563 0.1874343 0.2407847 0.2657386 0.1756826 0.1910686 0.1910686 0.2535943 0.2703432 0.5005726 0.2163664 0.2299231 0.2443828 0.4925849 0.2360318 0.2801247 0.8144789 0.3397426 0.2881570 0.2609958 0.1593439 0.2650934 0.2826432 0.5109998 0.3552497 0.4971757 0.2761290 1.0490963 0.4391800 0.2401878 0.4155930 0.2052339 0.3720541 1.2919516 0.8514195 0.8812165 1.0389388 0.7931756 0.8233125 0.8307371 0.8369561 0.8511969 1.2435446 0.8429042 1.4894372 0.8524988 1.0661080 0.7940507 0.8732091 1.7678865 0.8613036 0.8423968 0.8863538 0.8197270 1.1358491 0.2139616 0.2197009 0.2244865 0.9458026 0.2197009 0.2197009 0.3968718 0.2861690 0.2293485 0.5775625 0.2293485 0.2390015 0.2293485 0.2293485 0.2197009 
Dipodomys_ordii_ENSDORP00000011659                 0.4022063 0.3960301 0.4732870 0.3919415 0.4415019 0.7627396 0.3805312 0.4230178 0.4415019 0.4936080 0.4686029 1.3690788 0.4075300 0.3948973 0.4538239 0.5980607 0.4524628 0.7679395 0.4413662 0.3590226 0.4412469 0.5524353 0.5394556 0.3559432 0.3960301 0.5383814 0.3621013 0.3611224 0.4399229 0.0000000 0.3885166 0.3138780 0.4495377 0.3866310 0.4451979 0.4029218 0.4216474 0.4413662 0.3948973 0.3812090 0.3812090 0.4369799 0.4732870 0.5394637 0.3703374 0.4332661 0.4408172 0.5897497 0.4273526 0.4738335 0.9841425 0.4956362 0.4301847 0.4303312 0.4569634 0.4718296 0.4301847 0.5406238 0.5204995 0.5715723 0.4640152 1.1530859 0.4636277 0.3984054 0.5766178 0.3751862 0.3760486 1.3327300 1.0781013 1.0215804 1.1551592 1.0559235 1.0690918 1.0810906 1.0926295 1.0919368 1.4612243 1.1251980 1.4882105 1.0675957 1.1554035 1.0487673 1.0985000 1.9642182 1.0520554 1.0625812 1.0997243 1.0278816 1.3168374 0.4270206 0.4264671 0.4321453 1.0663080 0.4264671 0.4264671 0.6089551 0.4626416 0.4526843 0.7689189 0.4526843 0.4644546 0.4526843 0.4526843 0.4264671 
Ursus_americanus_ENSUAMP00000025573                0.2295754 0.0679435 0.2051518 0.3036285 0.1905808 0.4741724 0.3056561 0.2484023 0.1905808 0.4364067 0.2178563 1.2049027 0.1633051 0.0733736 0.2185336 0.4724467 0.1950987 0.4187366 0.1860112 0.2861462 0.2718761 0.4290854 0.4139737 0.2940693 0.0679435 0.2662463 0.2923788 0.2019885 0.1884098 0.3885166 0.0000000 0.2220358 0.1929270 0.0115779 0.1292889 0.0680157 0.1799123 0.1860112 0.0733736 0.0591983 0.0591983 0.1756488 0.2051518 0.4036534 0.1957605 0.2111252 0.1755303 0.4122867 0.1844894 0.2143924 0.8090332 0.2459647 0.2399415 0.2259350 0.2026596 0.2002798 0.2454702 0.4477687 0.3097482 0.4003078 0.2240622 1.0486156 0.3758309 0.2135220 0.3966751 0.1367238 0.3148399 1.2553478 0.8447422 0.8818946 1.0131773 0.9117519 0.9003649 0.8947930 0.8925241 0.9637964 1.2421091 0.8507053 1.4763491 0.8417185 1.0261335 0.8539828 0.9283054 1.7204259 0.8948859 0.8600126 0.9064770 0.8674914 1.1941114 0.1695427 0.1657760 0.1702836 0.9473392 0.1657760 0.1657760 0.3809460 0.2248276 0.1837907 0.5480531 0.1837907 0.1929257 0.1837907 0.1837907 0.1657760 
Jaculus_jaculus_ENSJJAP00000010024                 0.3214143 0.2294178 0.2749117 0.2375883 0.2712959 0.5885322 0.2760948 0.3012905 0.2712959 0.3962296 0.2685021 1.3440825 0.2286254 0.2270873 0.3415659 0.3918088 0.2665042 0.6062349 0.2669629 0.2148575 0.2908425 0.3904202 0.3650273 0.2347974 0.2294178 0.3532395 0.2377466 0.2552437 0.2771546 0.3138780 0.2220358 0.0000000 0.2822153 0.2209157 0.2610779 0.2331822 0.2900338 0.2669629 0.2270873 0.2079308 0.2079308 0.2662919 0.2749117 0.3703264 0.2459747 0.2786280 0.2782689 0.3824356 0.2851349 0.2790161 0.9036643 0.3402836 0.2939802 0.2780436 0.3056915 0.2791467 0.2939802 0.4242777 0.3564430 0.3532093 0.3188700 1.1100360 0.2855241 0.2981917 0.4221587 0.2424265 0.2335376 1.2656304 0.9124313 0.9104820 1.1473490 0.9503299 0.9566319 0.9202028 0.9067301 1.0042061 1.3154245 0.9135232 1.5701735 0.9140366 1.1179004 0.8858425 0.9176795 1.8945517 0.9188108 0.9293069 1.0276577 0.8888611 1.2323531 0.2616099 0.2726526 0.2776033 1.0107584 0.2726526 0.2726526 0.4860808 0.3209484 0.2823557 0.6013240 0.2823557 0.2814726 0.2823557 0.2823557 0.2726526 
Chlorocebus_sabaeus_ENSCSAP00000015337             0.2726911 0.1980398 0.2822249 0.3409087 0.2723921 0.5695308 0.3375669 0.2724658 0.2723921 0.4852056 0.2875432 1.1929572 0.1926620 0.2019099 0.1795967 0.5558895 0.2772404 0.6416211 0.2675089 0.3388743 0.2634535 0.5094180 0.5001507 0.3444919 0.1980398 0.3326064 0.3341539 0.2416071 0.2389996 0.4495377 0.1929270 0.2822153 0.0000000 0.1905756 0.2211790 0.2032755 0.0433988 0.2675089 0.2019099 0.1987257 0.1987257 0.2508681 0.2822249 0.4891771 0.2333526 0.2829832 0.2571778 0.5006642 0.0474194 0.2874587 0.8457725 0.3433913 0.2951118 0.2561502 0.2577474 0.2818086 0.2965906 0.4472908 0.3425306 0.4853974 0.1736043 1.0856492 0.3801454 0.2475333 0.4427542 0.1690469 0.3781687 1.2330649 0.8598402 0.8402399 0.9971414 0.8584747 0.8733554 0.8675952 0.8741491 0.9063993 1.2760626 0.8733324 1.4979632 0.8472143 1.0466793 0.8254297 0.9043015 1.8175385 0.8573197 0.8389026 0.8924165 0.8487945 1.2109335 0.0681196 0.0593617 0.0634126 0.9808385 0.0593617 0.0593617 0.4139551 0.1787232 0.0154634 0.3639562 0.0154634 0.0312264 0.0154634 0.0154634 0.0593617 
Ailuropoda_melanoleuca_ENSAMEP00000035554          0.2345874 0.0721224 0.2028286 0.3044681 0.1882022 0.4653245 0.3076740 0.2567736 0.1882022 0.4362318 0.2155945 1.2200041 0.1561688 0.0776287 0.2243916 0.4717132 0.1927410 0.4315968 0.1836108 0.2873874 0.2647800 0.4355134 0.4202775 0.2960262 0.0721224 0.2637741 0.2980364 0.2068634 0.1933057 0.3866310 0.0115779 0.2209157 0.1905756 0.0000000 0.1294675 0.0721989 0.1820474 0.1836108 0.0776287 0.0552072 0.0552072 0.1732128 0.2028286 0.4099080 0.1960448 0.2088141 0.1730950 0.4183896 0.1866581 0.2121089 0.8200666 0.2478358 0.2403196 0.2236837 0.2076372 0.1979380 0.2458600 0.4487855 0.3114285 0.4065590 0.2168442 1.0554991 0.3818477 0.2184974 0.3866234 0.1369081 0.3181108 1.2493650 0.8478439 0.8775940 1.0086988 0.9066989 0.8953423 0.8897569 0.8874983 0.9586772 1.2354489 0.8497596 1.5045469 0.8454039 1.0347736 0.8490007 0.9214083 1.7316834 0.8881281 0.8637504 0.9105016 0.8701975 1.2078127 0.1624953 0.1677979 0.1723402 0.9588217 0.1677979 0.1677979 0.3816559 0.2236817 0.1859455 0.5453245 0.1859455 0.1951462 0.1859455 0.1859455 0.1677979 
Felis_catus_ENSFCAP00000016102                     0.2830612 0.1413289 0.2852137 0.3324939 0.2716670 0.4991770 0.3461442 0.3135315 0.2716670 0.4458072 0.2958766 1.2836866 0.2399530 0.0715462 0.2969989 0.5284159 0.2668090 0.5493066 0.2570533 0.3267968 0.3174635 0.4594344 0.4408738 0.3398152 0.1413289 0.2786917 0.3264156 0.2495696 0.2284563 0.4451979 0.1292889 0.2610779 0.2211790 0.1294675 0.0000000 0.1414724 0.2270902 0.2570533 0.0715462 0.1457307 0.1457307 0.2503710 0.3288563 0.4309006 0.2365195 0.2473509 0.2456538 0.4450718 0.2320326 0.2951942 0.8888472 0.3033898 0.2772824 0.2704521 0.2782739 0.2798361 0.2760325 0.5018589 0.3394131 0.4275312 0.2817240 1.1325672 0.3902146 0.2763419 0.4465736 0.2020819 0.3647272 1.2519993 0.8884060 0.9071151 1.0684314 0.9103600 0.9122091 0.9071021 0.8911326 0.9497807 1.3503811 0.8825439 1.5914857 0.8839093 1.1754787 0.8609409 0.9543100 1.7891586 0.9073877 0.9014821 0.9646298 0.8884092 1.2263778 0.2162365 0.2270094 0.2319316 1.0576028 0.2270094 0.2270094 0.4292098 0.2743934 0.2213045 0.7128392 0.2213045 0.2311181 0.2213045 0.2213045 0.2270094 
Vulpes_vulpes_ENSVVUP00000034996                   0.2273954 0.0077404 0.1768067 0.3253642 0.1816172 0.4567504 0.3279548 0.2448633 0.1816172 0.4304045 0.2055152 1.2070211 0.1621194 0.0850663 0.2280001 0.4795447 0.1861185 0.5019442 0.1770650 0.2977783 0.2531032 0.4289177 0.4137638 0.3118930 0.0077404 0.2639085 0.2992998 0.2194900 0.1874343 0.4029218 0.0680157 0.2331822 0.2032755 0.0721989 0.1414724 0.0000000 0.1992381 0.1770650 0.0850663 0.0762978 0.0762978 0.1667975 0.1768067 0.4034145 0.1952598 0.1854261 0.1711773 0.4083181 0.2038941 0.1921003 0.8176183 0.2468784 0.2371594 0.1876590 0.1964486 0.1809434 0.2320624 0.4836083 0.3292793 0.4095347 0.2345415 1.0565546 0.3952720 0.2214463 0.3699443 0.1409091 0.3266784 1.2820973 0.8703162 0.8771072 1.0158068 0.9065742 0.9116044 0.8660652 0.8676704 0.9406495 1.2437096 0.8483912 1.5246577 0.8671451 1.0295867 0.8650090 0.8924457 1.7454250 0.9049242 0.8827303 0.9390168 0.8686386 1.1958993 0.1850071 0.1720616 0.1766279 0.9701966 0.1720616 0.1720616 0.3660364 0.2303908 0.1940272 0.5243074 0.1940272 0.2032748 0.1940272 0.1940272 0.1720616 
