179
Nomascus_leucogenys_ENSNLEP00000008947             0.0000000 0.0313183 0.9288144 0.4023592 0.1782088 0.0638877 0.2519044 0.1837765 0.1813499 0.2492061 0.2085960 0.2433412 0.4561988 0.2479225 0.4092288 0.2342980 0.4429899 0.2459947 0.2558472 0.5280267 0.2476053 0.2425059 0.2059984 0.1458433 0.3295042 0.1953369 1.0411226 0.3267843 0.3060479 0.3211235 0.4646353 0.4923148 0.3806308 0.1403195 0.3170222 0.4517893 0.1685323 0.2048334 0.3144614 0.2052719 0.1577914 0.2607167 0.4881109 0.0891474 0.4763242 0.2257036 0.3318153 0.2451077 0.3349890 0.2879789 0.5989561 0.5059347 0.8242832 0.2120826 0.2360189 0.2138240 0.2590967 0.3220931 0.1672721 0.1694334 0.4658688 0.1701601 0.4201618 0.2413321 1.1602515 1.8811630 1.9102259 2.2582308 2.0402007 2.0810573 2.2550712 2.3019388 2.0563002 2.0773323 2.2366462 2.3276088 2.6061102 2.3370583 2.0656486 2.1773278 2.2165339 2.2464386 2.3723561 2.2836793 2.0290307 2.1513523 1.9697373 1.9836333 2.0418168 2.1345087 2.1759507 2.3739961 2.0850998 2.1782569 2.3379344 0.8810426 1.0047000 0.8526565 1.2071901 0.8080585 0.8325640 0.8390519 0.8147921 0.8589401 0.8573428 0.8682336 0.8411410 0.8557981 0.8736987 2.1403361 2.0068755 0.8836907 0.8661898 1.1573775 0.9354192 2.1452677 2.3917273 0.8937689 1.9880685 2.1366132 2.1250952 0.8172661 0.8359201 0.8488392 2.1354902 0.8418607 2.3165908 2.1408285 2.2556004 2.5854647 0.9022635 0.8383545 2.3331900 2.0407447 2.3835504 2.3575645 2.0735036 2.5018641 2.2900806 2.2358573 0.8222595 2.0728774 2.3727532 1.0193017 0.8408555 0.9117713 2.1436361 1.9916560 1.7817342 1.2515847 2.3542874 0.8522382 1.4495289 1.6949322 2.3416954 2.0450246 0.8745265 0.8337964 2.4627643 0.8349452 0.8301215 2.1643139 2.2864851 2.2341099 2.1699632 2.1704155 2.0976716 2.1389643 0.8626096 1.2755049 2.5005676 0.8705611 2.3293205 2.1834552 2.1494474 2.1050573 2.6569828 1.9216665 2.1970623 
Gorilla_gorilla_ENSGGOP00000033442                 0.0313183 0.0000000 0.9275392 0.4110200 0.1621679 0.0512369 0.2491518 0.1708754 0.1866488 0.2502598 0.2141124 0.2358137 0.4628543 0.2489649 0.4279838 0.2352891 0.4533963 0.2470373 0.2553179 0.5171483 0.2486445 0.2435206 0.2115447 0.1387850 0.3161571 0.2007655 1.0513308 0.3282511 0.3065838 0.3204796 0.4713832 0.4831874 0.3763660 0.1408562 0.3190110 0.4584120 0.1647380 0.2056716 0.3061916 0.1876194 0.1720243 0.2821111 0.4888573 0.0678131 0.4794921 0.2372925 0.3339221 0.2511195 0.3365859 0.2894481 0.5971583 0.5108305 0.8248439 0.2176767 0.2266950 0.2243920 0.2699198 0.3241166 0.1696325 0.1747022 0.4692176 0.1540929 0.4193097 0.2423370 1.1715237 1.9102872 1.9402134 2.2812172 2.0647524 2.1219786 2.2842236 2.3394659 2.0968471 2.1030738 2.2684985 2.3610593 2.6352763 2.3705682 2.0910878 2.2061845 2.2470242 2.2783001 2.4064770 2.2866369 2.0345130 2.1949547 1.9947026 1.9880156 2.0589734 2.1509044 2.1976046 2.3986123 2.1521024 2.1911263 2.3608284 0.8620927 0.9974830 0.8450748 1.2012083 0.8042293 0.8300677 0.8351413 0.8109628 0.8549848 0.8533996 0.8642656 0.8390570 0.8518518 0.8507768 2.1637365 2.0030745 0.8796834 0.8636777 1.1607885 0.9178738 2.2114058 2.4237098 0.8732491 1.9903992 2.1493066 2.1976176 0.8133970 0.8320374 0.8449116 2.1660834 0.8393596 2.3606971 2.1639710 2.3049500 2.5953059 0.8798561 0.8344561 2.3841409 2.0657944 2.4180704 2.3916691 2.0993802 2.5447404 2.3113558 2.2583820 0.8184020 2.0847038 2.3898707 0.9853058 0.8427318 0.9077088 2.2021190 2.0151096 1.8112964 1.2157061 2.3402025 0.8336894 1.4295701 1.7045368 2.3877961 2.0510551 0.8705499 0.8317107 2.4848427 0.8324393 0.8262268 2.1810712 2.3099343 2.2500385 2.1848931 2.1832346 2.1074649 2.1694180 0.8435082 1.2682229 2.4975308 0.8512374 2.3522165 2.2058187 2.1868755 2.1514210 2.6334021 1.9230289 2.1673032 
Sarcophilus_harrisii_ENSSHAP00000015521            0.9288144 0.9275392 0.0000000 1.1587677 0.9307153 0.9475768 0.9762987 0.9389036 0.9358511 1.0227662 0.9567293 0.9610837 1.0282749 0.9989036 1.0078740 0.9756661 1.1598805 0.9985268 1.0007305 1.1430654 0.9996738 0.9882702 0.9584281 0.9823583 0.9849668 0.9474170 0.5611400 0.9970568 1.0895090 0.9699843 1.0475943 1.1252859 1.0462510 0.9338905 0.9970689 1.0133439 0.9174301 0.9399451 0.9653718 0.9457645 0.9534718 0.9957507 1.1274476 0.9165511 1.1368423 0.9518760 1.0045849 0.9375160 1.0489430 0.9658671 1.1291254 1.1791205 0.3251720 0.9168703 0.9290572 1.0043147 0.9763500 1.0361451 1.0086947 0.9371200 0.9966308 1.0226004 1.0285418 0.9990263 0.5893685 2.0292614 1.7004413 2.1872792 1.9100193 1.9678231 2.1815317 2.1881707 1.7985326 2.0071547 2.1182459 2.2181325 2.3598708 2.2093028 1.9836276 2.2328359 2.0277396 2.1178872 2.2331714 2.3977692 2.0786651 1.9837502 1.8141215 1.8511692 1.9642710 2.2445225 2.2545729 2.2332750 2.2303953 2.1639461 2.1164064 0.9589247 1.1452177 0.9958724 1.3559708 0.9775364 0.9131376 0.9648628 0.9705472 1.0064061 1.0274553 1.0103522 0.8870288 0.8910249 0.9562587 2.2444369 2.0943773 0.9420313 0.9699473 1.3274799 1.0838577 2.2634483 2.2568747 0.9277666 2.1248980 2.3115281 2.2113191 0.8875880 0.9820424 0.9557589 2.1598937 0.9536474 2.2222652 2.1544870 2.3686745 2.4757961 1.0046933 0.9586536 2.1894056 1.9445880 2.2888776 2.2530400 2.0210722 2.4887843 2.1722312 2.1900184 0.9403413 1.9389189 2.3090996 1.1858025 0.9367262 0.9886539 2.2223030 1.9510298 1.8932701 1.4972906 2.6699861 0.9765452 1.4601187 1.8148376 2.3902812 2.0213498 0.9197447 0.8992019 2.4831781 0.9130974 0.9147482 2.2872100 2.2313486 2.3767798 2.2385045 2.0525719 2.0155331 2.1580619 0.9813366 1.3866060 2.3417654 0.9430724 2.1753244 2.1162818 1.9816674 2.2145103 2.5676140 2.0184344 2.3521218 
Dasypus_novemcinctus_ENSDNOP00000015747            0.4023592 0.4110200 1.1587677 0.0000000 0.4593904 0.4101352 0.4353644 0.3604455 0.3832308 0.3827896 0.3847648 0.3890029 0.6111734 0.3764060 0.4758529 0.3823611 0.5791241 0.3968533 0.4382274 0.6922745 0.4133028 0.4105181 0.4001825 0.4193629 0.5490337 0.3802643 1.2326142 0.4885854 0.4971607 0.5048108 0.6277260 0.6416360 0.6069868 0.3541597 0.5536983 0.6447186 0.3750911 0.3818844 0.4616993 0.4077156 0.4035651 0.4433918 0.5839836 0.4274025 0.6337316 0.4282781 0.5799129 0.4220278 0.4725470 0.4880827 0.7978078 0.7441348 1.0361197 0.3906541 0.4016288 0.4213981 0.4770812 0.5580403 0.4234278 0.3884015 0.6658935 0.4687275 0.5944351 0.3613680 1.4768049 1.8823135 2.0780382 2.3432022 2.1732582 2.2071130 2.3398816 2.4182984 2.1564783 2.1565383 2.3775175 2.3446837 2.6417539 2.3543317 2.1596332 2.1766454 2.3278836 2.3617041 2.4077274 2.4670431 2.0563616 2.3189833 2.1392807 2.0607221 2.0960491 2.2768527 2.3366290 2.3732885 2.1203581 2.4052410 2.4419681 0.9915610 1.1918817 1.0136061 1.3060018 0.9500090 0.9644910 0.9721214 0.9464987 0.9622485 0.9774517 0.9668255 0.9645760 0.9727342 0.9961040 2.0942289 1.9971775 0.9895419 1.0067590 1.2274028 1.0962602 2.3212932 2.4913402 1.0102586 2.1011560 2.2811108 2.2897537 0.9359493 0.9712081 1.0014890 2.3480510 0.9724551 2.4692901 2.2879899 2.3921146 2.7420781 1.0218969 0.9473482 2.4741518 2.1381285 2.5175776 2.4721502 2.2060615 2.5198438 2.3729950 2.3657431 0.9528266 2.1541814 2.4601221 1.2793048 0.9563871 0.9744493 2.3509993 2.0688989 1.9897678 1.4778690 2.4713739 0.9499951 1.5009995 1.6937891 2.3784834 2.1031379 0.9753937 0.9420133 2.6666011 0.9402512 0.9707332 2.3402670 2.3093587 2.4072901 2.3677365 2.3001262 2.1820861 2.3516902 0.9847184 1.4405887 2.6558078 0.9976850 2.4847088 2.2272493 2.4029781 2.2868640 2.5696436 2.1430261 2.3423775 
Callithrix_jacchus_ENSCJAP00000023173              0.1782088 0.1621679 0.9307153 0.4593904 0.0000000 0.1687076 0.3173542 0.2282295 0.2524756 0.3401326 0.3137198 0.3283392 0.5098231 0.3209930 0.4982541 0.3197171 0.5057688 0.3226824 0.3320080 0.5245532 0.3349964 0.3269467 0.3150424 0.0900724 0.4065077 0.2888148 1.0500350 0.3792014 0.3613922 0.3530229 0.5168394 0.5388901 0.4304799 0.2175861 0.3864493 0.5127752 0.2227259 0.3025336 0.3498271 0.2570847 0.2420644 0.3631976 0.5144633 0.1894612 0.4931253 0.3378237 0.3996974 0.2830272 0.4040510 0.3373898 0.6399035 0.6196673 0.8330765 0.2827902 0.2959145 0.2708429 0.3169608 0.3787080 0.1155758 0.2425708 0.5078269 0.1015581 0.4534889 0.3142525 1.2056230 2.0235774 1.9908020 2.3952396 2.1944322 2.2791219 2.3991363 2.4209995 2.2002564 2.2604985 2.3964484 2.4840170 2.7259779 2.4938110 2.1951179 2.2939224 2.2327138 2.4063568 2.5238175 2.4510561 2.1531197 2.1874665 2.0447560 1.9936608 1.9958932 2.2253475 2.2445761 2.4049980 2.2610838 2.2450955 2.3988226 0.8742755 1.0200351 0.8691091 1.2553333 0.8249416 0.8487082 0.8472346 0.8211824 0.8657294 0.8613220 0.8745805 0.8243362 0.8477237 0.8686675 2.2538445 1.9602909 0.8680429 0.8531946 1.1938804 0.9373288 2.3509501 2.4266956 0.8661177 1.9810514 2.2620792 2.2737526 0.7947316 0.8323879 0.8392373 2.1960400 0.8326602 2.4266860 2.1999518 2.3662017 2.6010368 0.9004095 0.8271108 2.4026760 2.1879480 2.5477220 2.5120520 2.2576455 2.6428147 2.4107358 2.3757458 0.8143570 2.0621768 2.5155204 1.0886227 0.8643681 0.9062696 2.3067166 2.0072972 1.9625628 1.3068027 2.4981053 0.8479161 1.5420543 1.7015019 2.3831826 2.1641749 0.8633732 0.8169207 2.5647323 0.8285223 0.8329619 2.2245572 2.3148850 2.2605509 2.2284802 2.1455643 2.1125870 2.2011535 0.8659314 1.3220709 2.6323121 0.8563872 2.3790910 2.1673145 2.3138555 2.2195842 2.6030121 1.9465935 2.2647884 
Cercocebus_atys_ENSCATP00000044852                 0.0638877 0.0512369 0.9475768 0.4101352 0.1687076 0.0000000 0.2845059 0.1927166 0.1912020 0.2763747 0.2329935 0.2631676 0.4908904 0.2649203 0.4385100 0.2557620 0.4494317 0.2798435 0.2594196 0.5378036 0.2846713 0.2793919 0.2354553 0.1541328 0.3613882 0.2195381 1.0438523 0.3462411 0.3311246 0.3384508 0.4996361 0.5034963 0.3745358 0.1682565 0.3398372 0.4764625 0.1826145 0.2339609 0.3227457 0.2155548 0.1865947 0.2983433 0.4880058 0.0274133 0.4822868 0.2654451 0.3495086 0.2656582 0.3486928 0.3027778 0.6176793 0.5528721 0.8298576 0.2272628 0.2456609 0.2188146 0.2795434 0.3446847 0.1678095 0.1927753 0.4857411 0.1695539 0.4448371 0.2572964 1.1599994 1.9557107 1.9188627 2.3093535 2.1086116 2.1703861 2.3125288 2.3887828 2.0769960 2.1517361 2.3230936 2.4264307 2.6910486 2.4359889 2.1348067 2.1728164 2.2364005 2.3328328 2.4728356 2.2757847 2.0445870 2.2088714 2.0254844 1.9777044 2.0603172 2.2063801 2.2194070 2.3457281 2.1404336 2.2437198 2.3782005 0.8203106 0.9475018 0.8138438 1.1679127 0.7768983 0.7934260 0.8025330 0.7720067 0.8171133 0.8130106 0.8235589 0.8162091 0.8306666 0.8224282 2.1300598 2.0017685 0.8579649 0.8187523 1.1369511 0.8786951 2.1892292 2.4805008 0.8521616 1.9532647 2.1276364 2.1806847 0.7885632 0.7996787 0.8120928 2.2144753 0.8095433 2.2926192 2.1681146 2.2823930 2.6115912 0.8605633 0.8019532 2.3558020 2.1089325 2.5082948 2.4809991 2.1483236 2.6106154 2.3847739 2.3516426 0.7863480 2.1039927 2.3486757 0.9868104 0.8216937 0.8657292 2.1928725 2.0189579 1.8624873 1.1989961 2.3285712 0.8061407 1.4046255 1.7029585 2.3461748 2.0629913 0.8462068 0.8228086 2.5221673 0.8000237 0.8077780 2.2027300 2.2853719 2.2834853 2.1641176 2.1818855 2.1277349 2.2175649 0.8026445 1.2445343 2.5897407 0.8099109 2.3145269 2.1586469 2.2357230 2.2069924 2.6008576 1.9173468 2.1549603 
Physeter_catodon_ENSPCTP00005026118                0.2519044 0.2491518 0.9762987 0.4353644 0.3173542 0.2845059 0.0000000 0.1904795 0.2349840 0.1136775 0.2905276 0.2833989 0.4690840 0.1005411 0.4529000 0.1688971 0.4789646 0.1430638 0.3132281 0.5171159 0.0592337 0.0392318 0.2689116 0.2552855 0.3875506 0.2660387 1.0762311 0.3324531 0.3908394 0.3107746 0.4924126 0.5653496 0.4178510 0.2027971 0.3544340 0.4743502 0.2125670 0.2717364 0.3074933 0.2246386 0.2111102 0.2556473 0.4616982 0.2833811 0.4830395 0.2989778 0.3633915 0.2794928 0.2033009 0.3458182 0.5841164 0.4739698 0.8753458 0.2772338 0.2802464 0.2914854 0.2759038 0.3375582 0.2761686 0.2029403 0.4818986 0.2876478 0.4654280 0.1047342 1.2195962 1.9935280 2.0284098 2.2517709 2.1114598 2.1894362 2.2503930 2.3331101 2.1476441 2.1511030 2.2114099 2.2680497 2.4786312 2.2774243 2.1200358 2.1703260 2.3015067 2.2227304 2.3132031 2.2890221 2.0058499 2.2522097 2.0485135 2.0119523 2.0401220 2.3382638 2.3609807 2.4970951 2.3392509 2.4202388 2.3583777 0.8582529 1.0299760 0.9090103 1.3416828 0.8934276 0.8910548 0.8479620 0.8275773 0.8749390 0.8658462 0.8615458 0.8778608 0.8829944 0.8227898 2.2197106 1.9547110 0.8981066 0.8998220 1.2704268 0.9625001 2.3861359 2.4596986 0.8964012 1.9723881 2.2307765 2.4074147 0.8376834 0.8488311 0.8803913 2.3163744 0.8673105 2.5476767 2.3223647 2.4371308 2.6158397 0.8955025 0.8543475 2.5019169 2.1109083 2.3289643 2.3035653 2.1387582 2.4176632 2.2101386 2.1847441 0.8536452 2.0627384 2.5532130 0.9642058 0.8429788 0.9069535 2.3113852 2.0491400 1.9264009 1.3270711 2.4210784 0.8778224 1.5218855 1.6426895 2.5211468 2.1142167 0.8784287 0.8504639 2.6128129 0.8636616 0.8735145 2.3802844 2.3328163 2.4578183 2.3758465 2.1476797 2.0907486 2.3586727 0.8719910 1.3699024 2.3777473 0.8500226 2.5925823 2.3488119 2.3429309 2.3452700 2.6211953 1.8818488 2.3051529 
Vulpes_vulpes_ENSVVUP00000034996                   0.1837765 0.1708754 0.9389036 0.3604455 0.2282295 0.1927166 0.1904795 0.0000000 0.0848315 0.1859164 0.2179937 0.2254846 0.4071833 0.1757667 0.3700217 0.1861086 0.4749605 0.1840785 0.2426831 0.4699920 0.2038461 0.1754881 0.2197086 0.1955009 0.3224722 0.1950925 1.0183263 0.3237288 0.3249793 0.2445841 0.4216235 0.5209472 0.3896979 0.1403275 0.3081685 0.4030106 0.0678562 0.1941621 0.2963754 0.0814115 0.1611976 0.2347484 0.4240025 0.1978739 0.4347770 0.2509708 0.3216872 0.2283243 0.2783512 0.2030224 0.5006510 0.4433400 0.7944683 0.1860106 0.1947986 0.1405164 0.2310802 0.2946409 0.2323361 0.0761226 0.4015349 0.2259994 0.3966665 0.1699735 1.1648340 1.9573554 2.0024927 2.2358166 2.0884768 2.1836053 2.2342857 2.3387577 2.1269038 2.1726554 2.2212542 2.2967653 2.5358461 2.3062447 2.1265823 2.1810138 2.2412839 2.2248692 2.3557365 2.3924988 2.0474128 2.1222081 2.0300753 2.0042287 2.0136887 2.1199770 2.1974033 2.2894783 2.1855878 2.2113846 2.3213418 0.8558419 0.9797594 0.8483558 1.2360319 0.8343872 0.8557521 0.8464250 0.8327321 0.8374755 0.8296921 0.8392882 0.8761485 0.8812436 0.8205372 2.1846626 1.9629781 0.8997670 0.8844235 1.1460111 0.9382185 2.1653023 2.4205014 0.8987591 1.9917691 2.1052079 2.2192602 0.8125636 0.8394460 0.8581846 2.0935613 0.8616784 2.2612206 2.1671557 2.2965249 2.5624634 0.8813997 0.8402353 2.4229236 2.1059253 2.3381078 2.3124312 2.1613020 2.5106193 2.2683241 2.2373364 0.8358450 2.0664580 2.4139565 0.9925439 0.8641434 0.8630235 2.2039253 2.0141656 1.8837924 1.1902615 2.3762179 0.8228517 1.4531210 1.6472860 2.3332700 1.9637643 0.8930305 0.8522325 2.4783294 0.8435048 0.8805544 2.1648720 2.2118341 2.2103274 2.1904189 2.1799345 2.1175465 2.1353184 0.8670398 1.2949800 2.3699595 0.8532398 2.3513981 2.2588145 2.2529203 2.1247151 2.6181253 2.0091808 2.2246277 
Panthera_pardus_ENSPPRP00000001916                 0.1813499 0.1866488 0.9358511 0.3832308 0.2524756 0.1912020 0.2349840 0.0848315 0.0000000 0.2197936 0.2020124 0.2341991 0.4251048 0.2001360 0.3637473 0.2250297 0.4752180 0.1948749 0.2631049 0.4650733 0.2355759 0.2256657 0.2265853 0.2162601 0.3161260 0.1978421 1.0264565 0.3124518 0.3085746 0.2388172 0.4394272 0.5044806 0.3627240 0.1557868 0.2884879 0.4113946 0.0731216 0.2005603 0.3019977 0.1072077 0.1825056 0.2313355 0.4265199 0.1965233 0.4262969 0.2744874 0.2836431 0.2145616 0.2866765 0.1923182 0.4970231 0.4399560 0.7595100 0.1742323 0.2200284 0.0710998 0.2249213 0.2669308 0.2392952 0.0929950 0.4188158 0.2516302 0.3888057 0.1898240 1.1370681 1.9063548 1.9150560 2.1757363 2.0664081 2.1662455 2.1655646 2.2738689 2.1172350 2.1490968 2.1227183 2.2165716 2.4520318 2.2259650 2.1037688 2.0885732 2.2591313 2.1265435 2.2738711 2.3090010 1.9713304 2.0812905 2.0053688 1.9724065 2.0006643 2.0754997 2.1574435 2.2447573 2.1086525 2.1687936 2.2902667 0.8391525 0.9736733 0.8331176 1.1497134 0.8434197 0.8431454 0.8248063 0.8001441 0.8527179 0.8266964 0.8224301 0.8570180 0.8426331 0.8127500 2.0860638 1.8730355 0.8535972 0.8496458 1.1096346 0.9334741 2.1346738 2.3342786 0.8729998 1.9820402 2.0504229 2.1382333 0.7864311 0.8274261 0.8214913 2.0486571 0.8310347 2.2596783 2.1491866 2.1976888 2.4754079 0.8677609 0.8188139 2.3628700 2.0835610 2.2618685 2.2369957 2.1377126 2.4405715 2.1981623 2.1675945 0.8256152 2.0127596 2.3365331 0.9830276 0.8190512 0.8705457 2.1403283 1.9532087 1.8583918 1.1790994 2.3048579 0.8386244 1.4239170 1.6283992 2.2834927 1.8888607 0.8529099 0.8294989 2.4542474 0.7933442 0.8267573 2.1287393 2.1555139 2.1797998 2.1282314 2.1256382 2.0853256 2.0942772 0.8504066 1.2651334 2.3582619 0.8366455 2.3236964 2.1820255 2.1491841 2.0799315 2.5797317 1.9848343 2.1666471 
Capra_hircus_blackbengal_ENSCHIP00010011233        0.2492061 0.2502598 1.0227662 0.3827896 0.3401326 0.2763747 0.1136775 0.1859164 0.2197936 0.0000000 0.2305610 0.2571620 0.4283013 0.0233377 0.4004578 0.1827667 0.4454128 0.1519108 0.2837366 0.4824507 0.1265919 0.1233428 0.2386705 0.2624929 0.3503565 0.2261152 1.0218596 0.3303005 0.3830814 0.3052927 0.4505865 0.5300333 0.4186088 0.2028947 0.3222371 0.4360053 0.1948508 0.2506550 0.3012918 0.2006225 0.2072452 0.2543546 0.4653679 0.2725709 0.4863022 0.2814953 0.3552428 0.2757378 0.0976518 0.3417926 0.5774326 0.4596171 0.8422671 0.2693642 0.2861182 0.2737596 0.2752171 0.3208829 0.2903499 0.2040727 0.4476101 0.3081138 0.4426440 0.0474394 1.2409939 1.8406903 1.8943994 2.1745374 2.0013926 2.0890139 2.1712883 2.3156119 2.0314205 2.0488048 2.2387199 2.2747712 2.5783067 2.2842016 2.0199150 2.0450088 2.2532336 2.2397790 2.3097044 2.1426154 1.8671528 2.1630259 1.9568027 1.9588165 1.9274067 2.1995737 2.2186129 2.3678510 2.2147375 2.3102392 2.3228395 0.8732700 0.9842515 0.8428605 1.3471236 0.8352023 0.8514871 0.8170446 0.8154718 0.8454926 0.8349346 0.8446470 0.8464408 0.8515972 0.8454017 2.0422455 1.8753673 0.8806450 0.8712904 1.3016362 0.9636994 2.2514516 2.3302983 0.8822754 1.9695718 2.1713248 2.2489035 0.8078799 0.8144287 0.8490721 2.1811754 0.8363933 2.3948855 2.2114616 2.3819748 2.5424182 0.8894904 0.8234478 2.3666704 2.0004754 2.3219077 2.2649016 2.0502977 2.4880577 2.2216674 2.2025003 0.8272910 1.9931476 2.5035315 1.0786840 0.8259703 0.8748107 2.1456223 1.9151410 1.8351081 1.3097268 2.4490782 0.8408288 1.4806012 1.6341870 2.3632334 1.9699820 0.8599893 0.8333564 2.5067325 0.8336365 0.8422183 2.2519374 2.2635483 2.3343648 2.3005331 2.1301438 2.0488549 2.2132970 0.8819680 1.3902380 2.4483995 0.8649397 2.4485744 2.2358400 2.2085840 2.1988602 2.5484716 1.9485421 2.2686500 
Urocitellus_parryii_ENSUPAP00010007066             0.2085960 0.2141124 0.9567293 0.3847648 0.3137198 0.2329935 0.2905276 0.2179937 0.2020124 0.2305610 0.0000000 0.2267965 0.4467605 0.2389557 0.3687093 0.2664725 0.4189680 0.2749476 0.0950098 0.5202189 0.2716261 0.2709710 0.0430255 0.2667462 0.3112782 0.0272063 0.9823603 0.3134731 0.3346849 0.3759852 0.4709215 0.4294127 0.3910424 0.2132972 0.3032558 0.4579824 0.2006395 0.0914882 0.2925985 0.2164521 0.2023036 0.2675852 0.4689653 0.2386504 0.4706648 0.2606673 0.3311939 0.2244992 0.3068891 0.3076506 0.6239698 0.6011159 0.8465679 0.2132230 0.2530034 0.2469996 0.2528256 0.3135937 0.2706219 0.1935471 0.4442456 0.2850768 0.3557785 0.2479557 1.2388839 1.8410078 1.9130025 2.1451804 1.9930715 2.0657994 2.1489575 2.1747636 2.0053692 2.0525527 2.1626243 2.1840106 2.5059994 2.1933496 2.0129636 1.9880310 2.1764718 2.1663630 2.2405228 2.1582886 1.9324109 2.1157409 1.9336163 1.9452179 1.9727236 2.0425390 2.1147894 2.2650884 2.0679801 2.0936674 2.3265633 0.8734582 1.0267082 0.8108207 1.2208464 0.7870455 0.8144630 0.7999668 0.7938081 0.8114984 0.8108276 0.8244619 0.8196333 0.8257898 0.8567895 2.0365645 1.9101954 0.8605708 0.8507985 1.1627349 0.9416304 2.0685979 2.2893546 0.8667067 1.9500202 2.0173763 2.0751283 0.8082982 0.8267700 0.8260508 2.0760699 0.8199539 2.2227375 2.0731451 2.1915373 2.4821068 0.9147953 0.7971311 2.2838720 1.9908433 2.2456873 2.2209983 2.0421913 2.4180371 2.1650557 2.1512459 0.8041481 2.0429474 2.3029059 1.0036317 0.8177863 0.8496492 2.0886155 1.9495831 1.7970919 1.2809759 2.3142349 0.8241327 1.3863218 1.6185642 2.2766500 1.9330125 0.8445236 0.8101008 2.3546957 0.8018710 0.8097532 2.1049945 2.1632730 2.1717695 2.0916967 2.2001362 2.1240870 2.0903391 0.8879022 1.2663263 2.3325480 0.8613528 2.2904073 2.0713429 2.1104487 2.0446883 2.5100072 1.8588138 2.0396521 
Oryctolagus_cuniculus_ENSOCUP00000009241           0.2433412 0.2358137 0.9610837 0.3890029 0.3283392 0.2631676 0.2833989 0.2254846 0.2341991 0.2571620 0.2267965 0.0000000 0.4398449 0.2599902 0.4614602 0.2614745 0.4915815 0.2811794 0.2952753 0.5159550 0.2727202 0.2723445 0.2436110 0.2833338 0.3470334 0.2228788 1.0679975 0.3610814 0.3023474 0.3430980 0.4629593 0.4612485 0.4100486 0.2163975 0.3441684 0.4142338 0.2277385 0.2357787 0.3225270 0.2460147 0.2281779 0.2994429 0.4780416 0.2499321 0.5026413 0.2875514 0.3612224 0.2978215 0.3383128 0.3527240 0.6250580 0.5584638 0.8615060 0.2804178 0.2789482 0.2799601 0.3180141 0.3475078 0.2967337 0.2255884 0.4503995 0.3171383 0.3956551 0.2500224 1.2354470 1.9367396 1.9613829 2.2601330 2.0137888 2.0879519 2.2428118 2.3033489 2.0319907 2.0410166 2.2673003 2.2714621 2.5684871 2.2809182 2.0495211 2.0873408 2.1724897 2.2708286 2.3299311 2.2849529 1.9119144 2.1430752 2.0050103 1.9939571 2.0428541 2.0920784 2.1343455 2.2231263 2.1595980 2.2114368 2.3313471 0.8776166 0.9943811 0.8551504 1.2728628 0.8421707 0.8568128 0.8676913 0.8294533 0.8739267 0.8753702 0.8805562 0.8929502 0.8756182 0.8657337 1.9998302 1.9804562 0.9050352 0.8900456 1.1689352 0.9418325 2.1985925 2.3091208 0.9106138 1.9527608 2.0064370 2.1351947 0.8557914 0.8867590 0.8895562 2.1512945 0.8906898 2.2908571 2.1634770 2.2186824 2.3472972 0.8877299 0.8616144 2.3697938 2.0300051 2.3697474 2.3382988 2.0685729 2.4602564 2.2520005 2.2210826 0.8443766 2.1255834 2.3741568 1.0525004 0.8778798 0.8909068 2.1879313 1.9651182 1.8231831 1.2022704 2.2639313 0.8668085 1.4102008 1.6205583 2.3102147 2.0791119 0.8982575 0.8645611 2.3773418 0.8558301 0.8669637 2.1416502 2.1237895 2.1367074 2.1852515 2.2477981 2.1577108 2.1832895 0.8597400 1.3057700 2.4746679 0.8732203 2.2718949 2.1430103 2.2183814 2.0993866 2.6177064 1.9179708 2.2867954 
Mus_musculus_ENSMUSP00000034588                    0.4561988 0.4628543 1.0282749 0.6111734 0.5098231 0.4908904 0.4690840 0.4071833 0.4251048 0.4283013 0.4467605 0.4398449 0.0000000 0.4331571 0.6079415 0.4494263 0.5838833 0.4770652 0.4972063 0.3645625 0.4531587 0.4571704 0.4650344 0.4642725 0.3530901 0.4389706 1.1137756 0.5052707 0.5009571 0.5212551 0.0348627 0.6766425 0.3980639 0.4219414 0.3346384 0.0466005 0.4073267 0.4549871 0.4608135 0.4114512 0.4593501 0.4446090 0.5451636 0.4834994 0.4383224 0.5012271 0.3637768 0.3878290 0.4898869 0.5012945 0.6324634 0.6988700 0.9147874 0.4897071 0.4708233 0.4331742 0.3595944 0.3295585 0.4910368 0.4226948 0.0956721 0.5106877 0.5281827 0.4442384 1.3098792 1.9360946 1.9883729 2.2265997 2.0321949 2.1118864 2.2308956 2.1881179 2.1043522 2.1432798 2.1851697 2.2285350 2.4653062 2.2283543 2.0933793 2.0955354 2.1591441 2.2156159 2.3191359 2.2585893 1.9283295 2.0263516 2.0537677 1.8855021 1.9338152 2.0949608 2.0568997 2.1001755 2.1518876 2.0781465 2.1269582 1.0004150 1.1291314 0.9206309 1.2626365 1.0018811 0.9625623 0.9800776 0.9722360 1.0100913 1.0016378 1.0141715 0.9591073 0.9706694 0.9697710 2.0654507 2.0012887 1.0075331 0.9959012 1.1900536 1.0312014 2.1776748 2.1427786 1.0057285 1.8984395 2.1765846 2.1436315 0.9429074 0.9846631 0.9883648 2.0366117 0.9563842 2.2512711 2.0558490 2.1918608 2.3619901 1.0164226 0.9731063 2.1935916 2.0755645 2.2650895 2.2600422 2.1410183 2.4750081 2.1932884 2.1470571 0.9676388 2.0178262 2.4306318 1.1927054 0.9888488 1.0203053 2.1486601 1.9732111 1.8329778 1.2557498 2.2602251 0.9787595 1.5523680 1.8399914 2.1953634 1.9982530 0.9931017 0.9672933 2.2957847 0.9440787 0.9474676 2.0599851 2.0956050 2.1334673 2.1024968 2.1551768 2.0558279 2.0612089 0.9828511 1.3831415 2.3947150 0.9968658 2.1531602 2.1009882 2.0380457 2.0543263 2.6237360 1.9263783 2.1650222 
Bos_taurus_ENSBTAP00000002914                      0.2479225 0.2489649 0.9989036 0.3764060 0.3209930 0.2649203 0.1005411 0.1757667 0.2001360 0.0233377 0.2389557 0.2599902 0.4331571 0.0000000 0.3828870 0.1686135 0.4429677 0.1381074 0.2822311 0.4936886 0.1091139 0.0967977 0.2374700 0.2511893 0.3555176 0.2249791 1.0197608 0.3186267 0.3697037 0.2835460 0.4554688 0.5107199 0.4086326 0.1925902 0.3378527 0.4408744 0.1846125 0.2398417 0.2895563 0.1958565 0.2062053 0.2432805 0.4400749 0.2611138 0.4718455 0.2900377 0.3544976 0.2548491 0.0928735 0.3086067 0.5474601 0.4416837 0.8332551 0.2630743 0.2746071 0.2541063 0.2643135 0.3264482 0.2786371 0.1937176 0.4467263 0.2959581 0.4339048 0.0313062 1.1986239 1.8724588 1.9334732 2.1950830 2.0346579 2.1233761 2.1931814 2.3383224 2.0681626 2.0974684 2.2396326 2.2969140 2.5756519 2.3063009 2.0536588 2.0682424 2.2766397 2.2406781 2.3319028 2.1754331 1.8935367 2.1805432 1.9860027 1.9790375 1.9494628 2.2162660 2.2430375 2.3975088 2.2169321 2.3195683 2.3518512 0.8527353 1.0079853 0.8456286 1.3095718 0.8431489 0.8571905 0.8290617 0.8107010 0.8604032 0.8440954 0.8397780 0.8586607 0.8638093 0.8221537 2.0581895 1.9036468 0.8787220 0.8835046 1.2125820 0.9538626 2.2600239 2.3306003 0.8803629 1.9327898 2.1785543 2.2574448 0.8197886 0.8263728 0.8612534 2.2023635 0.8484154 2.4156587 2.2158441 2.3726631 2.5690400 0.8779613 0.8354598 2.3478671 2.0338620 2.3241957 2.2988502 2.0945705 2.4863672 2.2304368 2.2114998 0.8392939 2.0116351 2.4138554 0.9965288 0.8240343 0.8728954 2.1307217 1.9351864 1.8548246 1.2542310 2.4297517 0.8487281 1.4605518 1.6139625 2.3632156 1.9912290 0.8580674 0.8455079 2.4852727 0.8456446 0.8543682 2.2763808 2.2847710 2.3706622 2.3019681 2.1329804 2.0546368 2.2344720 0.8589337 1.3495560 2.4486692 0.8445549 2.4587132 2.2412177 2.1774209 2.2230825 2.5587127 1.9498375 2.2598143 
Procavia_capensis_ENSPCAP00000001437               0.4092288 0.4279838 1.0078740 0.4758529 0.4982541 0.4385100 0.4529000 0.3700217 0.3637473 0.4004578 0.3687093 0.4614602 0.6079415 0.3828870 0.0000000 0.4293186 0.6343445 0.4113794 0.4025912 0.7077338 0.4317577 0.4316508 0.3787506 0.4249302 0.4827582 0.3527339 1.1756208 0.5310066 0.5422250 0.4678745 0.6102279 0.6479449 0.5946396 0.3731874 0.4971413 0.6302355 0.3902646 0.3781243 0.4726195 0.4117521 0.3927227 0.4131776 0.6141629 0.4427298 0.5926969 0.4473557 0.5083833 0.4094659 0.5131289 0.5345177 0.7626702 0.7340109 0.9452270 0.4086890 0.4736010 0.4379893 0.4217691 0.4916949 0.4162607 0.3808866 0.6112849 0.4854586 0.5705440 0.3879540 1.3743099 1.9719945 2.0543545 2.3475371 2.1798492 2.2703376 2.3446472 2.2927923 2.1719226 2.3071735 2.2772311 2.3277535 2.5493272 2.3371387 2.2378965 2.2177007 2.2874601 2.3235468 2.3975638 2.4417478 2.1225022 2.2006700 2.0912601 2.1770127 2.0971424 2.3084210 2.3707272 2.4767880 2.2719526 2.3818885 2.3964885 0.9697476 1.1974558 0.9732524 1.3327028 0.9265602 0.9266351 0.9849732 0.9597305 0.9492131 0.9532969 0.9518567 0.9849283 0.9829992 0.9061536 2.1602148 2.0524675 1.0346061 0.9884603 1.2144511 1.0685004 2.2106278 2.5123822 1.0476301 2.1596242 2.3056561 2.2247789 0.9685988 0.9763709 0.9945749 2.3121841 0.9606738 2.4600637 2.3642661 2.4953525 2.6823094 1.0024848 0.9608656 2.4373899 2.2109562 2.3441725 2.3188303 2.3010336 2.4036817 2.2984761 2.2397988 0.9537977 2.1589039 2.5021825 1.1290644 1.0089295 0.9193057 2.3397645 2.1348686 1.9269656 1.3557262 2.4441348 0.9862995 1.5968173 1.7719665 2.4926114 2.0446759 1.0251963 0.9841934 2.6198918 0.9311350 0.9667998 2.3631687 2.3416236 2.4708843 2.3254690 2.3286534 2.2195535 2.3626011 0.9782375 1.4034186 2.4045376 0.9595419 2.4948127 2.4314572 2.3605124 2.2957237 2.7435062 2.0679175 2.4964949 
Camelus_dromedarius_ENSCDRP00005025823             0.2342980 0.2352891 0.9756661 0.3823611 0.3197171 0.2557620 0.1688971 0.1861086 0.2250297 0.1827667 0.2664725 0.2614745 0.4494263 0.1686135 0.4293186 0.0000000 0.4881290 0.1803450 0.2947547 0.5309202 0.1750477 0.1651192 0.2686183 0.2795814 0.3698613 0.2456073 1.0226848 0.3272752 0.3771903 0.3078911 0.4722270 0.5538838 0.4236112 0.2139418 0.3760452 0.4679767 0.2238794 0.2367062 0.3150781 0.2160850 0.2380937 0.2492572 0.4398282 0.2835564 0.4532262 0.2932430 0.3501416 0.2791255 0.2642329 0.3373865 0.6021133 0.4855459 0.8263329 0.2581825 0.2847695 0.2671044 0.2748109 0.3649466 0.2968464 0.2284537 0.4619465 0.3043870 0.4225617 0.1633054 1.2259549 1.9177328 1.8507228 2.1082292 2.0303933 2.1374069 2.1301054 2.2034485 2.0555992 2.1101587 2.1575503 2.2076440 2.4666320 2.2169392 2.0551701 2.0418703 2.2469908 2.1673712 2.2502775 2.2956754 1.9457847 2.1120706 1.9272506 1.9711109 2.0170611 2.2053993 2.2391127 2.2905906 2.1613295 2.2903071 2.2583311 0.7957300 0.9451075 0.7855087 1.2300688 0.8280187 0.8149930 0.8037447 0.7849535 0.8369211 0.8311075 0.8210226 0.8402805 0.8453922 0.7377548 2.1415682 1.9597953 0.8514313 0.8455828 1.1777943 0.9095617 2.2568895 2.2749681 0.8499013 1.9412033 2.0589366 2.2324667 0.7917884 0.8198367 0.8365779 2.1699639 0.8292853 2.3509880 2.2033709 2.2858172 2.4263252 0.8304367 0.8238622 2.3452241 2.0355489 2.2704019 2.2456455 2.0985787 2.4837794 2.2000747 2.1501446 0.8015671 2.0744640 2.4513467 1.0034397 0.8014623 0.8558062 2.1868930 1.9237019 1.8376255 1.3041935 2.3079252 0.8033235 1.3985176 1.6029077 2.3300132 1.9966805 0.8444217 0.8192288 2.4978448 0.8088596 0.8440646 2.2533386 2.1398526 2.3088367 2.2336370 2.0895662 2.1187370 2.2006940 0.8103600 1.3171705 2.3584538 0.7880657 2.3663789 2.1560371 2.1817674 2.2140931 2.4820848 1.8643827 2.2469734 
Heterocephalus_glaber_female_ENSHGLP00000027468    0.4429899 0.4533963 1.1598805 0.5791241 0.5057688 0.4494317 0.4789646 0.4749605 0.4752180 0.4454128 0.4189680 0.4915815 0.5838833 0.4429677 0.6343445 0.4881290 0.0000000 0.4950646 0.4743604 0.6234582 0.4832182 0.4702635 0.4417983 0.4945680 0.4768711 0.4341007 1.2804928 0.3601396 0.4965892 0.5400597 0.5863217 0.4407469 0.5121158 0.4372604 0.4328353 0.6013730 0.4398526 0.4429998 0.3251515 0.4881743 0.4327643 0.4694639 0.4677539 0.4477690 0.6076325 0.4715894 0.4881365 0.4097167 0.5440696 0.5664921 0.7741497 0.8347401 1.0534210 0.5020953 0.4942308 0.4915178 0.4169619 0.4615698 0.4881439 0.4457651 0.5981947 0.5298857 0.5292315 0.4362825 1.4356802 2.0908937 2.1432160 2.1965990 2.1258464 2.1965369 2.2758169 2.3015782 2.0691334 2.1746576 2.2263285 2.2278325 2.5154178 2.2372098 2.0396710 2.1290817 2.1348154 2.1882293 2.2615590 2.3157728 2.0873746 2.1484332 2.1327808 2.1467311 2.1545590 2.2212270 2.2188934 2.3648007 2.1929919 2.3162887 2.5362204 1.0505873 1.2813910 1.0787694 1.4244588 1.0152104 1.0009233 1.0764788 1.0607161 1.0809596 1.0998047 1.1138206 1.0907047 1.0869441 1.0244878 2.1754724 2.0153324 1.1210391 1.0475911 1.4543862 1.1169355 2.2427909 2.2833666 1.1361238 2.0811278 2.3494303 2.1865235 1.0625464 1.0744302 1.0779971 2.1745516 1.0441919 2.3947446 2.2376183 2.3911970 2.5528530 1.0868230 1.0511246 2.3204343 2.0739245 2.4503617 2.4238831 2.1695248 2.4729071 2.3277349 2.3052906 1.0301957 2.2084755 2.4415363 1.2636776 1.0589626 1.1139310 2.3270805 2.1889626 1.9962035 1.4268311 2.5074882 1.0758311 1.6207842 1.8779455 2.4936569 2.1952158 1.1105998 1.0649776 2.4684730 1.0334063 1.0578375 2.2225881 2.3436535 2.2521937 2.3368751 2.3250738 2.2226350 2.1924233 1.0539886 1.5120876 2.5707354 1.0535710 2.4777513 2.1997706 2.1075010 2.2163221 2.6569229 2.0694047 2.1818303 
Catagonus_wagneri_ENSCWAP00000005209               0.2459947 0.2470373 0.9985268 0.3968533 0.3226824 0.2798435 0.1430638 0.1840785 0.1948749 0.1519108 0.2749476 0.2811794 0.4770652 0.1381074 0.4113794 0.1803450 0.4950646 0.0000000 0.3025240 0.5348911 0.1433690 0.1305187 0.2799542 0.2673792 0.3831502 0.2507497 1.1017647 0.3300259 0.3857685 0.2967868 0.5002789 0.5594737 0.4312708 0.2186385 0.3817656 0.4816175 0.2093132 0.2366332 0.2957469 0.2395210 0.2363408 0.2612143 0.4275144 0.2871889 0.4570290 0.2962695 0.3610604 0.2772596 0.2409132 0.3242244 0.5709244 0.3803240 0.8356472 0.2277155 0.2802191 0.2445365 0.2755731 0.3601805 0.2733032 0.2128424 0.4860854 0.2906626 0.4261571 0.1289829 1.2025392 1.9111265 1.8843802 2.1347791 2.0105476 2.0775991 2.1392817 2.2508912 2.0113531 2.0504072 2.1520938 2.1812794 2.4610538 2.1904412 2.0288911 2.0182549 2.1247745 2.1618711 2.2114392 2.2236133 1.8942399 2.0989007 1.9631980 1.9928520 2.0058282 2.2168905 2.2237796 2.3268780 2.1646595 2.2500153 2.3092798 0.8658757 1.0123136 0.8441186 1.3204214 0.8376788 0.8381249 0.8321252 0.8298918 0.8616979 0.8385394 0.8342464 0.8569723 0.8621134 0.8118083 2.0922139 1.8493133 0.8599812 0.8799447 1.1873482 0.9822207 2.2594991 2.2939845 0.8786290 1.9776534 2.1470932 2.2600332 0.7950773 0.8437884 0.8429333 2.1717127 0.8297080 2.3533819 2.1566604 2.2584630 2.5318081 0.9006242 0.8197775 2.3352324 2.0096781 2.2724553 2.2477585 2.0385875 2.4373859 2.1716571 2.1408972 0.8484187 2.0657594 2.4663570 0.9225976 0.8262315 0.8876602 2.1704591 1.9561270 1.8512622 1.2664992 2.3143734 0.8554531 1.5215279 1.6078356 2.3171154 1.9378812 0.8563826 0.8358876 2.4551624 0.8092881 0.8496941 2.2457296 2.1865483 2.3017644 2.2222849 2.1387918 2.0851907 2.2137791 0.8942063 1.3093927 2.3646356 0.8686327 2.4064998 2.2079632 2.2040813 2.2046577 2.5480084 1.9765703 2.2819740 
Marmota_marmota_marmota_ENSMMMP00000026221         0.2558472 0.2553179 1.0007305 0.4382274 0.3320080 0.2594196 0.3132281 0.2426831 0.2631049 0.2837366 0.0950098 0.2952753 0.4972063 0.2822311 0.4025912 0.2947547 0.4743604 0.3025240 0.0000000 0.5780878 0.3040333 0.3052854 0.1082660 0.2946654 0.3707214 0.0652308 1.0020125 0.3738424 0.3728396 0.3843625 0.5225404 0.5037609 0.4617995 0.2561749 0.3629915 0.5150106 0.2459355 0.1435266 0.3328683 0.2730328 0.2369712 0.3376432 0.4639050 0.2654256 0.5053046 0.2900415 0.3972655 0.2818440 0.3652548 0.3618021 0.6797697 0.6744951 0.9072838 0.2619186 0.3024615 0.3091856 0.2977762 0.3697180 0.2958471 0.2335685 0.4887058 0.2989799 0.4151443 0.2865998 1.2374601 1.9709855 2.0321761 2.3192749 2.1641092 2.2323774 2.3528047 2.3787903 2.1088939 2.2254383 2.3347904 2.3806216 2.5883927 2.3903271 2.1873439 2.1650905 2.2989476 2.3381874 2.4203839 2.4283680 2.1461492 2.2533376 2.0468324 2.0848116 2.1172883 2.2046412 2.2846921 2.3953672 2.1899052 2.2316704 2.4030978 0.8891979 1.0775348 0.8455722 1.3427233 0.8515335 0.8727585 0.8676161 0.8911044 0.8862907 0.8853223 0.8998720 0.8980853 0.9043398 0.8858304 2.2352114 2.0630386 0.9416385 0.9185949 1.2368435 0.9458602 2.1351648 2.4448426 0.9237244 2.0037409 2.1952471 2.2163990 0.8865200 0.8789705 0.8932479 2.2188804 0.8839635 2.2444522 2.1524361 2.3589650 2.6293305 0.9406247 0.8693458 2.3209692 2.1627374 2.4905158 2.4629151 2.2207087 2.6909689 2.3833412 2.3708422 0.8621014 2.1067344 2.4608156 1.0099520 0.8958808 0.9272524 2.2856307 2.0555626 1.9295857 1.3513894 2.4357062 0.8659625 1.4961954 1.7087265 2.4232256 2.1430166 0.9243041 0.8882165 2.4531646 0.8596461 0.8876607 2.2743375 2.2712185 2.1512848 2.2019577 2.3365566 2.2653044 2.2329705 0.9174333 1.3231453 2.4680892 0.8768421 2.3631013 2.1642249 2.2732180 2.2335559 2.6774476 2.0018535 2.1682564 
Rattus_norvegicus_ENSRNOP00000065206               0.5280267 0.5171483 1.1430654 0.6922745 0.5245532 0.5378036 0.5171159 0.4699920 0.4650733 0.4824507 0.5202189 0.5159550 0.3645625 0.4936886 0.7077338 0.5309202 0.6234582 0.5348911 0.5780878 0.0000000 0.5165922 0.5110018 0.5472961 0.5041418 0.3937891 0.5145940 1.1927442 0.5382221 0.5515327 0.5766922 0.3672402 0.6759223 0.4272524 0.5139094 0.3634185 0.3611429 0.4630977 0.5245348 0.5268256 0.4745823 0.5014988 0.5314797 0.6794930 0.5184174 0.4615731 0.5469027 0.3605552 0.4167563 0.5780069 0.5735824 0.7789665 0.8377720 1.0696556 0.5765717 0.5774775 0.5162060 0.3852517 0.3446960 0.5272581 0.4563032 0.3711397 0.5288014 0.5845485 0.5089348 1.5275992 2.0136059 2.0417454 2.3100857 2.1999650 2.2629736 2.3119473 2.3780965 2.2619883 2.3377383 2.2866236 2.4026211 2.5501010 2.4124062 2.2536404 2.2595781 2.3423722 2.3317868 2.4595381 2.2854752 2.0441322 2.2296714 2.0494059 2.0036920 2.0770247 2.2087739 2.2117150 2.3355708 2.3357755 2.2205945 2.3841043 1.0342413 1.1639728 1.0530826 1.3799616 1.0331673 1.0155434 1.0085814 1.0043777 1.0464494 1.0354853 1.0480813 1.0129038 1.0251487 1.0410122 2.1709302 1.9650899 1.0510130 1.0452855 1.3832192 1.1258894 2.2330373 2.2244454 1.0312925 2.0589966 2.3488916 2.1691291 0.9964982 1.0478318 1.0164937 2.1463970 0.9787947 2.3749165 2.2479874 2.3266543 2.4409407 1.0753955 0.9964746 2.3931172 2.2669456 2.4646650 2.4342302 2.3670600 2.6050117 2.3727633 2.3139600 1.0167336 2.0967678 2.5601204 1.2621655 1.0432585 1.0627209 2.3660613 2.1351772 1.9628089 1.3917534 2.5180061 1.0057552 1.6165195 1.9520796 2.3578369 2.1387558 1.0395395 1.0112574 2.5476074 0.9877144 1.0109667 2.2029207 2.2559470 2.2632743 2.2010451 2.1798949 2.1494061 2.1770465 1.0469712 1.5091174 2.5603843 1.0321270 2.3573510 2.2730901 2.3164591 2.1825039 2.5968654 1.9535270 2.1986041 
Balaenoptera_musculus_ENSBMSP00010006480           0.2476053 0.2486445 0.9996738 0.4133028 0.3349964 0.2846713 0.0592337 0.2038461 0.2355759 0.1265919 0.2716261 0.2727202 0.4531587 0.1091139 0.4317577 0.1750477 0.4832182 0.1433690 0.3040333 0.5165922 0.0000000 0.0510086 0.2598400 0.2685759 0.3775851 0.2473909 1.0541857 0.3294338 0.3811892 0.3160780 0.4760200 0.5609861 0.4206318 0.2002540 0.3592998 0.4583425 0.2161103 0.2529758 0.3028039 0.2336830 0.2225875 0.2612850 0.4396630 0.2872824 0.4943835 0.3012981 0.3666392 0.2715294 0.2085586 0.3440524 0.5816795 0.4721959 0.8788795 0.2726539 0.2756515 0.2922103 0.2656089 0.3428472 0.2818406 0.2158167 0.4654368 0.2973994 0.4606846 0.1133376 1.2355042 1.9673104 2.0083132 2.2278839 2.1014447 2.2014140 2.2279552 2.3114196 2.1638185 2.1741764 2.1822433 2.2385667 2.4776380 2.2479868 2.1130114 2.1909203 2.2970317 2.2094089 2.2836244 2.3185639 2.0355647 2.2721844 2.0715467 2.0765214 2.1278381 2.3793921 2.4028705 2.5428532 2.3691828 2.4678719 2.4104210 0.8683166 1.0521570 0.8947360 1.3275876 0.8914477 0.8890825 0.8314989 0.8320316 0.8711060 0.8622425 0.8579436 0.8782262 0.8917622 0.8134670 2.2320349 1.9904084 0.9069990 0.9098620 1.2714448 0.9751432 2.4581841 2.4775157 0.9085123 1.9866057 2.2748119 2.4259558 0.8461486 0.8634077 0.8795280 2.3383730 0.8582593 2.5859006 2.3419063 2.4758356 2.6478567 0.9079603 0.8535096 2.5213292 2.1008963 2.3026751 2.2773005 2.1483850 2.4366883 2.2094280 2.1590180 0.8682511 2.1539333 2.5888295 1.0021699 0.8576664 0.8871334 2.3458943 2.0473301 1.9082554 1.3187478 2.4358050 0.8898228 1.4661952 1.6357412 2.5342139 2.0731584 0.8859893 0.8652389 2.6887775 0.8628198 0.8738724 2.4224329 2.3753534 2.5118269 2.3952280 2.2189160 2.1827248 2.3812072 0.8789916 1.3699285 2.3931042 0.8442451 2.6661186 2.3792073 2.3619921 2.3864936 2.6680692 1.8934252 2.2365549 
